0.000000000000000000e+00 -9.608759782650452053e+02 -9.608759782650452053e+02
9.000000000000000222e-01 -9.602681746513989083e+02
9.020000000000000240e-01 -9.602706611192438686e+02
9.040000000000000258e-01 -9.602601304936835049e+02
9.060000000000000275e-01 -9.602960585480823283e+02
9.080000000000000293e-01 -9.602574372725431431e+02
9.100000000000000311e-01 -9.602658523069627563e+02
9.120000000000000329e-01 -9.602742643017311366e+02
9.140000000000000346e-01 -9.602900924537660785e+02
9.160000000000000364e-01 -9.602726015235923569e+02
9.180000000000000382e-01 -9.602572277466313153e+02
9.200000000000000400e-01 -9.602682141975085415e+02
9.220000000000000417e-01 -9.602777249954050376e+02
9.240000000000000435e-01 -9.603124068037368488e+02
9.260000000000000453e-01 -9.602634607007731802e+02
9.280000000000000471e-01 -9.602854806357167945e+02
9.300000000000000488e-01 -9.602797480814739401e+02
9.320000000000000506e-01 -9.603076504594807830e+02
9.340000000000000524e-01 -9.602959714667561002e+02
9.360000000000000542e-01 -9.602819098796016988e+02
9.380000000000000560e-01 -9.602873755312413095e+02
9.400000000000000577e-01 -9.602997116370179356e+02
9.420000000000000595e-01 -9.603049911170910491e+02
9.440000000000000613e-01 -9.602930427175449495e+02
9.460000000000000631e-01 -9.603198895922756719e+02
9.480000000000000648e-01 -9.603090905576339082e+02
9.500000000000000666e-01 -9.603314595489629255e+02
9.520000000000000684e-01 -9.603181676582306636e+02
9.540000000000000702e-01 -9.603104989209053883e+02
9.560000000000000719e-01 -9.603267065266987856e+02
9.580000000000000737e-01 -9.603358710042443818e+02
9.600000000000000755e-01 -9.603470942531816945e+02
9.620000000000000773e-01 -9.603631304143225407e+02
9.640000000000000790e-01 -9.603486153242401997e+02
9.660000000000000808e-01 -9.603322112462099085e+02
9.680000000000000826e-01 -9.603403934856795559e+02
9.700000000000000844e-01 -9.603761801194187910e+02
9.720000000000000862e-01 -9.603855627201535299e+02
9.740000000000000879e-01 -9.604048903011619132e+02
9.760000000000000897e-01 -9.604104042091290694e+02
9.780000000000000915e-01 -9.604378152030836873e+02
9.800000000000000933e-01 -9.604639128634424878e+02
9.820000000000000950e-01 -9.604814229122830511e+02
9.840000000000000968e-01 -9.604933249977507330e+02
9.860000000000000986e-01 -9.605239622734503655e+02
9.880000000000001004e-01 -9.605668814119120498e+02
9.900000000000001021e-01 -9.606087051531824272e+02
9.920000000000001039e-01 -9.606339763898770343e+02
9.940000000000001057e-01 -9.606786255887894868e+02
9.960000000000001075e-01 -9.607314373882567224e+02
9.980000000000001092e-01 -9.607975598669895589e+02
