-1.581033589588389354e+01
-1.581029867593562699e+01
-1.031147671648721120e+00
-1.024284329062139287e+00
-3.262150708257990916e-01
-3.189085999028326568e-01
-3.189085999028316021e-01
-1.873540914739342533e-01
-1.873540914739330876e-01
-1.736824096908863579e-01
5.555791670191621012e-01
6.079083845015373910e-01
6.079083845015392784e-01
6.270450125886943837e-01
6.270450125886967152e-01
6.462228077068195020e-01
6.602607623363355716e-01
7.316043578896794797e-01
1.216672008732000876e+00
1.217446700822976347e+00
1.217446700822980121e+00
1.218038788803700090e+00
1.218038788803704753e+00
1.220157335705852386e+00
1.220157335705855939e+00
1.221546644699769590e+00
1.221546644699771811e+00
1.225445028273765891e+00
3.110011245143296410e+00
3.140871017026287237e+00
3.140871017026294787e+00
3.154543787563941937e+00
3.154543787563951707e+00
3.202522312330056131e+00
4.164878659235287550e+00
4.164895076051616130e+00
4.164895076051633005e+00
4.165040697838994888e+00
4.165040697838995776e+00
4.165066279204840072e+00
4.165066279204862276e+00
4.165098106977751513e+00
4.165143209014120274e+00
4.165143209014122050e+00
4.165317794087237679e+00
4.165317794087240344e+00
4.165350125409080562e+00
4.165350125409080562e+00
4.741088739367127936e+00
4.741449670276204564e+00
4.741449670276214334e+00
4.741692254709914067e+00
4.741692254709918508e+00
4.741710438232737523e+00
4.741710438232742852e+00
4.741722465172776957e+00
4.741722465172784062e+00
4.743150101586312672e+00
5.570284945091261264e+00
5.644916555547373704e+00
