-1.582319977628163521e+01
-1.582312908164158571e+01
-1.041338107634250720e+00
-1.024078510540243681e+00
-3.615252501565782706e-01
-3.412947487426464255e-01
-3.412947487426452597e-01
-1.726983210131447510e-01
-1.726983210131439461e-01
-1.409136718626547990e-01
5.480313075854732485e-01
5.872025697565893543e-01
5.872025697565896873e-01
6.274375335366106921e-01
6.472615840185667047e-01
6.472615840185689251e-01
6.541565019178157137e-01
8.506379847623202206e-01
1.188985445408119235e+00
1.206273343232480366e+00
1.206273343232483253e+00
1.214554469841408135e+00
1.214554469841409468e+00
1.220035166258549353e+00
1.220035166258550463e+00
1.234995035642358685e+00
1.234995035642359795e+00
1.321960588111395829e+00
3.123233677318054013e+00
3.123233677318059343e+00
3.148038385432621933e+00
3.163104523620380526e+00
3.163104523620384967e+00
3.225487333513355370e+00
4.160656037170096688e+00
4.160656037170099353e+00
4.160752433235210823e+00
4.160752433235212600e+00
4.160930253550835900e+00
4.160930253550841229e+00
4.161253479860221205e+00
4.161253479860222093e+00
4.161280311432639323e+00
4.161280311432719259e+00
4.161907836100518843e+00
4.161907836100597002e+00
4.162119833167951199e+00
4.164432949961934582e+00
4.714123200813670422e+00
4.729316484941007204e+00
4.729316484941014309e+00
4.734377804731935591e+00
4.734377804731935591e+00
4.735328703960096419e+00
4.735328703960097307e+00
4.743370925597314880e+00
4.743370925597315768e+00
4.781753551090583976e+00
5.531370714215886331e+00
5.811643968548847461e+00
