-1.559021138239914350e+01
-1.555355083476212918e+01
-1.658398321064075587e+00
-7.866345548119393349e-01
-7.866345548119372255e-01
-6.684115311204037457e-01
-6.560719977653449719e-01
3.190909769778182414e-01
3.190909769778241811e-01
4.363527147627044300e-01
5.038722505400051732e-01
5.038722505400066165e-01
5.233209341864619724e-01
7.185252407124844698e-01
8.236372176912332144e-01
8.236372176912564180e-01
1.027197981663718229e+00
1.051845725634885875e+00
1.051845725634886985e+00
1.547812741365126810e+00
1.547812741365128586e+00
1.584760889441738207e+00
1.627315412393139482e+00
1.627315412393143479e+00
1.801604123659749090e+00
1.966723943744447034e+00
1.966723943744537850e+00
3.002930845877721300e+00
3.002930845877725297e+00
3.294017239047263512e+00
3.576314815753652621e+00
3.836753104906589940e+00
3.836753104906593048e+00
3.844829062614999238e+00
3.844829062615008120e+00
3.870948457607961579e+00
3.975155191751909012e+00
3.975155191751909900e+00
4.410761932775498551e+00
4.410761932775500327e+00
4.631881568008894057e+00
4.743846875395401952e+00
4.743846875395466789e+00
4.748168907270703620e+00
4.748168907270703620e+00
4.812905890786927543e+00
4.812905890786930208e+00
4.901509623634457746e+00
4.901509623634459523e+00
5.234368847335147734e+00
5.642312919560563245e+00
5.992544948437028118e+00
5.992544948437035224e+00
6.245930737241742747e+00
6.245930737241765840e+00
7.827263613555319743e+00
8.204816858301784421e+00
8.204816858301837712e+00
9.393666282159767178e+00
2.762869945655230453e+01
