-1.582743164221865939e+01
-1.582714110660270634e+01
-1.104383094681975486e+00
-9.747832941542737828e-01
-4.881819203741022406e-01
-4.103391464061694749e-01
-4.103391464061680871e-01
-9.335807886151037405e-02
-9.335807886151019364e-02
2.585109226145300421e-02
5.681395299640756846e-01
6.007427050467502028e-01
6.007427050467504248e-01
6.228169655304904850e-01
6.763638688904908269e-01
6.763638688904951568e-01
7.212723249719812380e-01
9.835775925795543495e-01
1.064540653242100232e+00
1.064540653242100232e+00
1.164674026708376608e+00
1.164674026708379051e+00
1.268197601218782999e+00
1.278594837741043655e+00
1.278594837741045875e+00
1.533863015528234230e+00
1.533863015528235341e+00
1.973606189522066456e+00
3.063424329478298791e+00
3.122852519331132726e+00
3.122852519331134502e+00
3.185142335639632005e+00
3.185142335639634226e+00
3.342681377675670973e+00
4.019071713844625471e+00
4.019071713844629912e+00
4.026313648376360632e+00
4.124822461148138331e+00
4.124822461148140107e+00
4.160068820688682223e+00
4.160068820688684887e+00
4.167648897655059415e+00
4.167648897655059415e+00
4.208370685903011221e+00
4.208370685903012109e+00
4.326546301324829535e+00
4.326546301324829535e+00
4.465194574940690053e+00
4.706486142843195886e+00
4.706486142843200327e+00
4.708027624559835367e+00
4.708027624559846025e+00
4.778044913822502515e+00
4.778044913822506956e+00
4.908414332511751965e+00
5.043514816171270176e+00
5.043514816171271065e+00
5.547789178157999324e+00
5.761473947288061837e+00
6.316394712950145873e+00
