0.000000000000000000e+00 -9.608752541790149735e+02 -9.608752541790149735e+02
9.000000000000000222e-01 -9.603033205404468617e+02
9.020000000000000240e-01 -9.602837674447523568e+02
9.040000000000000258e-01 -9.602933381445531040e+02
9.060000000000000275e-01 -9.602829597235327128e+02
9.080000000000000293e-01 -9.603017697289178614e+02
9.100000000000000311e-01 -9.602966703950537521e+02
9.120000000000000329e-01 -9.602792708025283446e+02
9.140000000000000346e-01 -9.602974094406351924e+02
9.160000000000000364e-01 -9.603004528982623924e+02
9.180000000000000382e-01 -9.603038102391205939e+02
9.200000000000000400e-01 -9.603303055076165720e+02
9.220000000000000417e-01 -9.603334250142200972e+02
9.240000000000000435e-01 -9.603223104316241461e+02
9.260000000000000453e-01 -9.603116425091761812e+02
9.280000000000000471e-01 -9.603343088551323490e+02
9.300000000000000488e-01 -9.603301945726549320e+02
9.320000000000000506e-01 -9.603140711162926664e+02
9.340000000000000524e-01 -9.603236598358980700e+02
9.360000000000000542e-01 -9.603398383091391679e+02
9.380000000000000560e-01 -9.603516515045278084e+02
9.400000000000000577e-01 -9.603412406187313763e+02
9.420000000000000595e-01 -9.603656871927802285e+02
9.440000000000000613e-01 -9.603588502050915849e+02
9.460000000000000631e-01 -9.603522651387556834e+02
9.480000000000000648e-01 -9.603540580697056157e+02
9.500000000000000666e-01 -9.603830327232171840e+02
9.520000000000000684e-01 -9.604023217220166089e+02
9.540000000000000702e-01 -9.603926931553980921e+02
9.560000000000000719e-01 -9.604027557555995145e+02
9.580000000000000737e-01 -9.604046348405818208e+02
9.600000000000000755e-01 -9.604249271576734373e+02
9.620000000000000773e-01 -9.604379708530406106e+02
9.640000000000000790e-01 -9.604153445058926764e+02
9.660000000000000808e-01 -9.604386072575457547e+02
9.680000000000000826e-01 -9.604499722137059052e+02
9.700000000000000844e-01 -9.604505734830793244e+02
9.720000000000000862e-01 -9.604759253527432747e+02
9.740000000000000879e-01 -9.605029708921291558e+02
9.760000000000000897e-01 -9.605329556921894891e+02
9.780000000000000915e-01 -9.605143361047773851e+02
9.800000000000000933e-01 -9.605709723972456686e+02
9.820000000000000950e-01 -9.605639840245643200e+02
9.840000000000000968e-01 -9.605937842196985912e+02
9.860000000000000986e-01 -9.606169630045638996e+02
9.880000000000001004e-01 -9.606575791218812128e+02
9.900000000000001021e-01 -9.606742875013466119e+02
9.920000000000001039e-01 -9.607062202739394934e+02
9.940000000000001057e-01 -9.607512649717389195e+02
9.960000000000001075e-01 -9.607905245063162738e+02
9.980000000000001092e-01 -9.608294088298380302e+02
