0.263004
-0.00329343
-0.0276958
0.0312772
-0.00329343
0.0333843
0.0258443
0.0177277
-0.0276958
0.0258443
0.0341693
0.0019932
0.0312772
0.0177277
0.0019932
0.058641
-0.00329343
0.191896
0.034022
0.0312793
0.033191
-0.00214257
0.00786589
-0.0210214
0.0262928
0.00165601
-0.00700875
-0.0253963
0.0175666
-0.0111208
-0.000985412
0.0115795
-0.0276958
0.034022
0.182033
0.0113979
0.0262928
0.00904188
-0.00801454
-0.0188304
0.0346519
-0.00741233
-0.00398639
-0.0201836
0.00172942
-0.00139856
-0.0133263
-0.00394418
0.0312772
0.0312793
0.0113979
0.241553
0.0175666
-0.0216305
-0.0187311
0.00880557
0.00172942
-0.0257623
-0.0206522
-0.0137883
0.0595824
0.0120635
-0.00356674
0.0399384
-0.00329343
0.033191
0.0262928
0.0175666
0.191896
-0.00214257
0.00165601
-0.0111208
0.034022
0.00786589
-0.00700875
-0.000985412
0.0312793
-0.0210214
-0.0253963
0.0115795
0.0333843
-0.00214257
0.00904188
-0.0216305
-0.00214257
0.209661
-0.00382723
-0.00148996
0.00904188
-0.00382723
0.0486498
0.00310962
-0.0216305
-0.00148996
0.00310962
0.0359413
0.0258443
0.00786589
-0.00801454
-0.0187311
0.00165601
-0.00382723
0.195935
0.00164456
-0.00741233
0.048585
-0.0138303
-0.00498046
-0.0257623
0.00348069
0.000430258
0.0220567
0.0177277
-0.0210214
-0.0188304
0.00880557
-0.0111208
-0.00148996
0.00164456
0.184523
-0.00139856
0.00348069
-0.00576296
0.0334776
0.0120635
0.0365514
0.0227256
0.0197687
-0.0276958
0.0262928
0.0346519
0.00172942
0.034022
0.00904188
-0.00741233
-0.00139856
0.182033
-0.00801454
-0.00398639
-0.0133263
0.0113979
-0.0188304
-0.0201836
-0.00394418
0.0258443
0.00165601
-0.00741233
-0.0257623
0.00786589
-0.00382723
0.048585
0.00348069
-0.00801454
0.195935
-0.0138303
0.000430258
-0.0187311
0.00164456
-0.00498046
0.0220567
0.0341693
-0.00700875
-0.00398639
-0.0206522
-0.00700875
0.0486498
-0.0138303
-0.00576296
-0.00398639
-0.0138303
0.206457
0.00617087
-0.0206522
-0.00576296
0.00617087
0.020422
0.0019932
-0.0253963
-0.0201836
-0.0137883
-0.000985412
0.00310962
-0.00498046
0.0334776
-0.0133263
0.000430258
0.00617087
0.173308
-0.00356674
0.0227256
0.0202957
0.000106405
0.0312772
0.0175666
0.00172942
0.0595824
0.0312793
-0.0216305
-0.0257623
0.0120635
0.0113979
-0.0187311
-0.0206522
-0.00356674
0.241553
0.00880557
-0.0137883
0.0399384
0.0177277
-0.0111208
-0.00139856
0.0120635
-0.0210214
-0.00148996
0.00348069
0.0365514
-0.0188304
0.00164456
-0.00576296
0.0227256
0.00880557
0.184523
0.0334776
0.0197687
0.0019932
-0.000985412
-0.0133263
-0.00356674
-0.0253963
0.00310962
0.000430258
0.0227256
-0.0201836
-0.00498046
0.00617087
0.0202957
-0.0137883
0.0334776
0.173308
0.000106405
0.058641
0.0115795
-0.00394418
0.0399384
0.0115795
0.0359413
0.0220567
0.0197687
-0.00394418
0.0220567
0.020422
0.000106405
0.0399384
0.0197687
0.000106405
0.250376
