-1.580001486193613935e+01
-1.580000349768924650e+01
-1.023337158093711174e+00
-1.021581180160702429e+00
-2.932619795706847277e-01
-2.919928999807640535e-01
-2.919928999639850309e-01
-2.045571808136547598e-01
-2.045571807971853506e-01
-2.029201838618774068e-01
6.191226020972764310e-01
6.198685717015804952e-01
6.198685717207480517e-01
6.200141385853064069e-01
6.200141386043099834e-01
6.210019249498939242e-01
6.702939137351244803e-01
6.714885419350185014e-01
1.221474956734768025e+00
1.221554234090123980e+00
1.221554234093697122e+00
1.221736976358091642e+00
1.221736976360823013e+00
1.222377163029820357e+00
1.222377163032614122e+00
1.222568731124050734e+00
1.222568731127611885e+00
1.222652613810882860e+00
3.153491438431877292e+00
3.153944146977374352e+00
3.153944147278903820e+00
3.153995708945538379e+00
3.153995709247034984e+00
3.154532141578745286e+00
4.170143380494021557e+00
4.170147209289168266e+00
4.170147210115002778e+00
4.170157854559154664e+00
4.170157857975572036e+00
4.170167970460175511e+00
4.170168578972448969e+00
4.170168579797253194e+00
4.170171352461804481e+00
4.170171353697084804e+00
4.170173682763005374e+00
4.170173682764664491e+00
4.170178071083624260e+00
4.170178071084272631e+00
4.748205499906279492e+00
4.748206060035363940e+00
4.748206062750273126e+00
4.748207416137712578e+00
4.748207993459076626e+00
4.748207996173992029e+00
4.748208070778579426e+00
4.748208096450289517e+00
4.748209287206755391e+00
4.748209291714561964e+00
5.607298725490220903e+00
5.607520897893091494e+00
