0.000000000000000000e+00 -9.608748486470170747e+02 -9.608748486470170747e+02
9.000000000000000222e-01 -9.603008028490061179e+02
9.020000000000000240e-01 -9.603047122901984949e+02
9.040000000000000258e-01 -9.603154797456942333e+02
9.060000000000000275e-01 -9.603157466601783199e+02
9.080000000000000293e-01 -9.603203778328103226e+02
9.100000000000000311e-01 -9.603045482605325560e+02
9.120000000000000329e-01 -9.603181627273614822e+02
9.140000000000000346e-01 -9.602967493885132626e+02
9.160000000000000364e-01 -9.603373536655293492e+02
9.180000000000000382e-01 -9.603388028202216447e+02
9.200000000000000400e-01 -9.603169649187476580e+02
9.220000000000000417e-01 -9.603504435140845317e+02
9.240000000000000435e-01 -9.603512762955651851e+02
9.260000000000000453e-01 -9.603542661334261084e+02
9.280000000000000471e-01 -9.603483261608674866e+02
9.300000000000000488e-01 -9.603505827485164446e+02
9.320000000000000506e-01 -9.603424525779885244e+02
9.340000000000000524e-01 -9.603597753737319636e+02
9.360000000000000542e-01 -9.603876264811066221e+02
9.380000000000000560e-01 -9.603864936001830301e+02
9.400000000000000577e-01 -9.603785506434858235e+02
9.420000000000000595e-01 -9.603842257442441905e+02
9.440000000000000613e-01 -9.603791624365688904e+02
9.460000000000000631e-01 -9.603991056308045700e+02
9.480000000000000648e-01 -9.604129956624043416e+02
9.500000000000000666e-01 -9.604177944644310401e+02
9.520000000000000684e-01 -9.604226054173345801e+02
9.540000000000000702e-01 -9.604490103335795084e+02
9.560000000000000719e-01 -9.604432040647732265e+02
9.580000000000000737e-01 -9.604366038299365300e+02
9.600000000000000755e-01 -9.604755755487843771e+02
9.620000000000000773e-01 -9.604679033249195754e+02
9.640000000000000790e-01 -9.604757788496025341e+02
9.660000000000000808e-01 -9.604754501109039211e+02
9.680000000000000826e-01 -9.605252281296459387e+02
9.700000000000000844e-01 -9.605229194314015331e+02
9.720000000000000862e-01 -9.605689945678408321e+02
9.740000000000000879e-01 -9.605511540633409595e+02
9.760000000000000897e-01 -9.605770709095231723e+02
9.780000000000000915e-01 -9.605804896390335443e+02
9.800000000000000933e-01 -9.606096961499870304e+02
9.820000000000000950e-01 -9.606295655609079631e+02
9.840000000000000968e-01 -9.606460519199456485e+02
9.860000000000000986e-01 -9.606586668033223759e+02
9.880000000000001004e-01 -9.607027230510678919e+02
9.900000000000001021e-01 -9.607290807139379467e+02
9.920000000000001039e-01 -9.607381996273218192e+02
9.940000000000001057e-01 -9.607643514362409860e+02
9.960000000000001075e-01 -9.608023920548081378e+02
9.980000000000001092e-01 -9.608287556208357501e+02
