0.000000000000000000e+00 -1.451721337308480088e+03 -1.451720745042271574e+03
1.000000000000000000e+00 -1.451672131879162407e+03 -1.451661977080445695e+03
2.000000000000000000e+00 -1.451727872087403284e+03 -1.451719077809173996e+03
3.000000000000000000e+00 -1.451689076058391493e+03 -1.451682803137972769e+03
4.000000000000000000e+00 -1.451673548511861554e+03 -1.451663294419703561e+03
5.000000000000000000e+00 -1.451576541772390783e+03 -1.451577692294416238e+03
6.000000000000000000e+00 -1.451659810415973880e+03 -1.451661274437033398e+03
7.000000000000000000e+00 -1.451537324666844142e+03 -1.451545199622863720e+03
8.000000000000000000e+00 -1.451547182157507677e+03 -1.451559538395271602e+03
9.000000000000000000e+00 -1.451651931127330954e+03 -1.451642453160001878e+03
1.000000000000000000e+01 -1.451577152071724413e+03 -1.451573458787144773e+03
1.100000000000000000e+01 -1.451476767175864552e+03 -1.451478694639752348e+03
1.200000000000000000e+01 -1.451470533614159422e+03 -1.451466411465125248e+03
1.300000000000000000e+01 -1.451702185864104877e+03 -1.451696537376849847e+03
1.400000000000000000e+01 -1.451612236070163590e+03 -1.451612363331496226e+03
1.500000000000000000e+01 -1.451684964291518099e+03 -1.451686478701328497e+03
1.600000000000000000e+01 -1.451625841306364691e+03 -1.451634236476051001e+03
1.700000000000000000e+01 -1.451640073591715918e+03 -1.451640115870176032e+03
1.800000000000000000e+01 -1.451482337637977480e+03 -1.451485107322433805e+03
1.900000000000000000e+01 -1.451622231308667779e+03 -1.451619699164972872e+03
2.000000000000000000e+01 -1.451764217039825098e+03 -1.451751532897982543e+03
2.100000000000000000e+01 -1.451709240949713831e+03 -1.451705970812902478e+03
2.200000000000000000e+01 -1.451490800320874541e+03 -1.451490094724777919e+03
2.300000000000000000e+01 -1.451602864552138726e+03 -1.451604567304459124e+03
2.400000000000000000e+01 -1.451498790823311538e+03 -1.451500495739054941e+03
2.500000000000000000e+01 -1.451590646832846232e+03 -1.451585718359219072e+03
2.600000000000000000e+01 -1.451503275570539017e+03 -1.451498974426152472e+03
2.700000000000000000e+01 -1.451572942522259382e+03 -1.451559324463589974e+03
2.800000000000000000e+01 -1.451694926327242229e+03 -1.451684115956056758e+03
2.900000000000000000e+01 -1.451572416810741970e+03 -1.451580235711717251e+03
3.000000000000000000e+01 -1.451402024402072811e+03 -1.451410032398814565e+03
3.100000000000000000e+01 -1.451497458390212159e+03 -1.451502131105404487e+03
3.200000000000000000e+01 -1.451625235811199673e+03 -1.451625235832463204e+03
3.300000000000000000e+01 -1.451526567827796953e+03 -1.451539670799793385e+03
3.400000000000000000e+01 -1.451549072399913939e+03 -1.451552676280711239e+03
3.500000000000000000e+01 -1.451474726114353416e+03 -1.451479435254865621e+03
3.600000000000000000e+01 -1.451495510697591044e+03 -1.451499965585256177e+03
3.700000000000000000e+01 -1.451511387659669481e+03 -1.451520878250543092e+03
3.800000000000000000e+01 -1.451485202401309152e+03 -1.451491628435060875e+03
3.900000000000000000e+01 -1.451514697466732741e+03 -1.451520971073877035e+03
4.000000000000000000e+01 -1.451679214836270376e+03 -1.451679386462898719e+03
4.100000000000000000e+01 -1.451632252804717837e+03 -1.451627079764264181e+03
4.200000000000000000e+01 -1.451576211006676658e+03 -1.451582842138092246e+03
4.300000000000000000e+01 -1.451627026908637163e+03 -1.451622835691703358e+03
4.400000000000000000e+01 -1.451679485427719783e+03 -1.451679235275488281e+03
4.500000000000000000e+01 -1.451579095085106474e+03 -1.451581838073234621e+03
4.600000000000000000e+01 -1.451660564592456240e+03 -1.451662792445111563e+03
4.700000000000000000e+01 -1.451595538306969729e+03 -1.451601219406828250e+03
4.800000000000000000e+01 -1.451498151017346117e+03 -1.451498924454920143e+03
4.900000000000000000e+01 -1.451603239927447021e+03 -1.451603256734527577e+03
5.000000000000000000e+01 -1.451470697622293983e+03 -1.451465993254799059e+03
5.100000000000000000e+01 -1.451728993105221889e+03 -1.451722161224213323e+03
5.200000000000000000e+01 -1.451661004103111054e+03 -1.451661470749525506e+03
5.300000000000000000e+01 -1.451498150330681938e+03 -1.451498617210180100e+03
5.400000000000000000e+01 -1.451701019234916203e+03 -1.451696293508513918e+03
5.500000000000000000e+01 -1.451562293855813778e+03 -1.451569883238072634e+03
5.600000000000000000e+01 -1.451672326837311857e+03 -1.451665453899556951e+03
5.700000000000000000e+01 -1.451599365915423505e+03 -1.451601787405064442e+03
5.800000000000000000e+01 -1.451551642356512502e+03 -1.451557201653580250e+03
5.900000000000000000e+01 -1.451633424731559444e+03 -1.451637961597170488e+03
6.000000000000000000e+01 -1.451637247331525032e+03 -1.451647648971626950e+03
6.100000000000000000e+01 -1.451622771876560591e+03 -1.451616906853519822e+03
6.200000000000000000e+01 -1.451602271358489816e+03 -1.451606896913918263e+03
6.300000000000000000e+01 -1.451545203142475657e+03 -1.451548866487473106e+03
6.400000000000000000e+01 -1.451687130125777458e+03 -1.451681698093787418e+03
6.500000000000000000e+01 -1.451586812927008395e+03 -1.451574669574431937e+03
6.600000000000000000e+01 -1.451679969580640090e+03 -1.451676875755558740e+03
6.700000000000000000e+01 -1.451446907180099515e+03 -1.451454323921939704e+03
6.800000000000000000e+01 -1.451625073665749142e+03 -1.451626798935810939e+03
6.900000000000000000e+01 -1.451530181790406687e+03 -1.451539090131172088e+03
7.000000000000000000e+01 -1.451554967113629345e+03 -1.451547398834082060e+03
7.100000000000000000e+01 -1.451583212977111771e+03 -1.451589118592223031e+03
7.200000000000000000e+01 -1.451499979432300734e+03 -1.451511696671988830e+03
7.300000000000000000e+01 -1.451547772571913129e+03 -1.451544446086925973e+03
7.400000000000000000e+01 -1.451652479012393314e+03 -1.451654354485865724e+03
7.500000000000000000e+01 -1.451481387026512721e+03 -1.451484870773422017e+03
7.600000000000000000e+01 -1.451620558597881654e+03 -1.451618184148652745e+03
7.700000000000000000e+01 -1.451523508997764793e+03 -1.451528154528723007e+03
7.800000000000000000e+01 -1.451623616623638327e+03 -1.451635508962792983e+03
7.900000000000000000e+01 -1.451753062673941258e+03 -1.451732087425174086e+03
8.000000000000000000e+01 -1.451615283572350563e+03 -1.451618003827328494e+03
8.100000000000000000e+01 -1.451615650868564444e+03 -1.451617374036164165e+03
8.200000000000000000e+01 -1.451484364370787944e+03 -1.451481787925738672e+03
8.300000000000000000e+01 -1.451487014175099603e+03 -1.451487418040873536e+03
8.400000000000000000e+01 -1.451588990730955629e+03 -1.451583496132158416e+03
8.500000000000000000e+01 -1.451643484362486561e+03 -1.451633209618248202e+03
8.600000000000000000e+01 -1.451521747113006313e+03 -1.451523750254289098e+03
8.700000000000000000e+01 -1.451619920818882292e+03 -1.451619859752933962e+03
8.800000000000000000e+01 -1.451682115582434790e+03 -1.451677220805308934e+03
8.900000000000000000e+01 -1.451517318216622016e+03 -1.451519151201422574e+03
9.000000000000000000e+01 -1.451702632371344862e+03 -1.451686939111908487e+03
9.100000000000000000e+01 -1.451504678965797211e+03 -1.451506566767601726e+03
9.200000000000000000e+01 -1.451559401403332458e+03 -1.451555467071082376e+03
9.300000000000000000e+01 -1.451632175327190680e+03 -1.451629841993865512e+03
9.400000000000000000e+01 -1.451486633939189915e+03 -1.451494755580033598e+03
9.500000000000000000e+01 -1.451468579614225973e+03 -1.451471911609130984e+03
9.600000000000000000e+01 -1.451631141391611209e+03 -1.451619026383182018e+03
9.700000000000000000e+01 -1.451682072983882790e+03 -1.451678195804767938e+03
9.800000000000000000e+01 -1.451656078633211337e+03 -1.451656787343643146e+03
9.900000000000000000e+01 -1.451534990909365661e+03 -1.451530351370128983e+03
