-1.583273631573832674e+01
-1.583256877184154376e+01
-1.066941917550094487e+00
-1.005639370387822806e+00
-4.308649789952902487e-01
-3.778009913881807957e-01
-3.778009913881789639e-01
-1.343114175496397389e-01
-1.343114175496384621e-01
-6.392751071327505696e-02
5.833110870467396181e-01
5.833110870467398401e-01
5.890018680554492958e-01
6.272558113135290325e-01
6.689708881208052960e-01
6.689708881208055180e-01
7.087822839113129270e-01
9.297115521522510972e-01
1.100464468977701227e+00
1.121338168438791527e+00
1.121338168438796412e+00
1.197864303293958432e+00
1.197864303293958432e+00
1.240037123709370803e+00
1.240037123709370803e+00
1.371722156047169072e+00
1.371722156047173735e+00
1.775855622035891868e+00
3.132997047827392745e+00
3.132997047827392745e+00
3.166668100290202403e+00
3.166668100290205068e+00
3.170871014257066189e+00
3.216938622771789102e+00
4.118483465816854761e+00
4.143353493946992039e+00
4.143353493946995592e+00
4.159111218754487638e+00
4.159111218754487638e+00
4.159771116504687782e+00
4.159771116504689559e+00
4.160484525951154922e+00
4.160484525951155810e+00
4.166370452221430654e+00
4.166370452221431542e+00
4.185996027695113142e+00
4.185996027695116695e+00
4.220324894427331941e+00
4.673808650501174888e+00
4.673808650501176665e+00
4.698884202984329406e+00
4.720444334214604076e+00
4.720444334214605853e+00
4.745140847737533640e+00
4.745140847737534529e+00
4.854302255424731705e+00
4.854302255424734369e+00
5.085504725390888936e+00
5.626489769332855495e+00
6.224928967069335961e+00
