0.219464
0.000208443
-7.80373e-05
-6.49291e-05
0.000208443
0.0127505
9.5283e-05
3.50415e-05
-7.80373e-05
9.5283e-05
0.0223692
-6.91998e-05
-6.49291e-05
3.50415e-05
-6.91998e-05
0.0364088
0.000208443
0.196189
-5.17177e-06
2.85642e-05
0.00769613
-0.000259654
7.15802e-05
-0.000143992
8.83752e-05
5.58852e-05
-0.00040942
-0.0218001
3.13598e-05
-0.000158798
0.0111373
0.000149644
-7.80373e-05
-5.17177e-06
0.187479
-2.57805e-05
8.83752e-05
6.7971e-05
-0.000216016
-0.00536568
0.0206025
-0.000391742
5.79567e-06
-1.3816e-05
-6.24471e-05
0.0117092
-0.000114058
-2.23833e-05
-6.49291e-05
2.85642e-05
-2.57805e-05
0.204867
3.13598e-05
-0.000145451
-0.00929794
0.000172786
-6.24471e-05
-0.024727
-6.2661e-06
-4.1547e-05
0.0364136
0.000139946
-2.85175e-05
-7.33093e-05
0.000208443
0.00769613
8.83752e-05
3.13598e-05
0.196189
-0.000259654
5.58852e-05
-0.000158798
-5.17177e-06
7.15802e-05
-0.00040942
0.0111373
2.85642e-05
-0.000143992
-0.0218001
0.000149644
0.0127505
-0.000259654
6.7971e-05
-0.000145451
-0.000259654
0.233129
-0.00016781
-9.99888e-06
6.7971e-05
-0.00016781
0.0500648
0.00029743
-0.000145451
-9.99888e-06
0.00029743
0.0240074
9.5283e-05
7.15802e-05
-0.000216016
-0.00929794
5.58852e-05
-0.00016781
0.213948
0.000165194
-0.000391742
0.0501333
-0.000245797
2.50899e-05
-0.024727
0.000259484
4.41751e-05
4.23516e-05
3.50415e-05
-0.000143992
-0.00536568
0.000172786
-0.000158798
-9.99888e-06
0.000165194
0.188358
0.0117092
0.000259484
1.7849e-05
4.43293e-08
0.000139946
0.0224747
2.97979e-05
4.55825e-06
-7.80373e-05
8.83752e-05
0.0206025
-6.24471e-05
-5.17177e-06
6.7971e-05
-0.000391742
0.0117092
0.187479
-0.000216016
5.79567e-06
-0.000114058
-2.57805e-05
-0.00536568
-1.3816e-05
-2.23833e-05
9.5283e-05
5.58852e-05
-0.000391742
-0.024727
7.15802e-05
-0.00016781
0.0501333
0.000259484
-0.000216016
0.213948
-0.000245797
4.41751e-05
-0.00929794
0.000165194
2.50899e-05
4.23516e-05
0.0223692
-0.00040942
5.79567e-06
-6.2661e-06
-0.00040942
0.0500648
-0.000245797
1.7849e-05
5.79567e-06
-0.000245797
0.216191
0.000359661
-6.2661e-06
1.7849e-05
0.000359661
0.00771927
-6.91998e-05
-0.0218001
-1.3816e-05
-4.1547e-05
0.0111373
0.00029743
2.50899e-05
4.43293e-08
-0.000114058
4.41751e-05
0.000359661
0.187379
-2.85175e-05
2.97979e-05
0.00356676
-0.000141965
-6.49291e-05
3.13598e-05
-6.24471e-05
0.0364136
2.85642e-05
-0.000145451
-0.024727
0.000139946
-2.57805e-05
-0.00929794
-6.2661e-06
-2.85175e-05
0.204867
0.000172786
-4.1547e-05
-7.33093e-05
3.50415e-05
-0.000158798
0.0117092
0.000139946
-0.000143992
-9.99888e-06
0.000259484
0.0224747
-0.00536568
0.000165194
1.7849e-05
2.97979e-05
0.000172786
0.188358
4.43293e-08
4.55825e-06
-6.91998e-05
0.0111373
-0.000114058
-2.85175e-05
-0.0218001
0.00029743
4.41751e-05
2.97979e-05
-1.3816e-05
2.50899e-05
0.000359661
0.00356676
-4.1547e-05
4.43293e-08
0.187379
-0.000141965
0.0364088
0.000149644
-2.23833e-05
-7.33093e-05
0.000149644
0.0240074
4.23516e-05
4.55825e-06
-2.23833e-05
4.23516e-05
0.00771927
-0.000141965
-7.33093e-05
4.55825e-06
-0.000141965
0.204824
