0.000000000000000000e+00 -9.608201944531158460e+02 -9.608201944531158460e+02
9.000000000000000222e-01 -9.602358043650804120e+02
9.020000000000000240e-01 -9.602230125482528820e+02
9.040000000000000258e-01 -9.602044543668339429e+02
9.060000000000000275e-01 -9.602388838239457982e+02
9.080000000000000293e-01 -9.602370390136289870e+02
9.100000000000000311e-01 -9.602333641723314486e+02
9.120000000000000329e-01 -9.602553431222324889e+02
9.140000000000000346e-01 -9.602578720083899952e+02
9.160000000000000364e-01 -9.602635293582562781e+02
9.180000000000000382e-01 -9.602144221688870402e+02
9.200000000000000400e-01 -9.602429992598085846e+02
9.220000000000000417e-01 -9.602531803389209699e+02
9.240000000000000435e-01 -9.602628689872282166e+02
9.260000000000000453e-01 -9.602483989243628457e+02
9.280000000000000471e-01 -9.602457242734468537e+02
9.300000000000000488e-01 -9.602633937584715795e+02
9.320000000000000506e-01 -9.602840973692842681e+02
9.340000000000000524e-01 -9.602734343844036857e+02
9.360000000000000542e-01 -9.602797795553105971e+02
9.380000000000000560e-01 -9.602945299143050306e+02
9.400000000000000577e-01 -9.602902818347973835e+02
9.420000000000000595e-01 -9.603153518562775162e+02
9.440000000000000613e-01 -9.603145932466824206e+02
9.460000000000000631e-01 -9.603179495549503599e+02
9.480000000000000648e-01 -9.603414557682458508e+02
9.500000000000000666e-01 -9.603232498131486636e+02
9.520000000000000684e-01 -9.603367998618488173e+02
9.540000000000000702e-01 -9.603352722440512252e+02
9.560000000000000719e-01 -9.603564874307303398e+02
9.580000000000000737e-01 -9.603680131999606147e+02
9.600000000000000755e-01 -9.603668179219497461e+02
9.620000000000000773e-01 -9.603997276860889087e+02
9.640000000000000790e-01 -9.603992461639501244e+02
9.660000000000000808e-01 -9.604110337692629855e+02
9.680000000000000826e-01 -9.604038216150333938e+02
9.700000000000000844e-01 -9.604120611052733238e+02
9.720000000000000862e-01 -9.604486443786003065e+02
9.740000000000000879e-01 -9.604688999601869455e+02
9.760000000000000897e-01 -9.604833378059263396e+02
9.780000000000000915e-01 -9.604880801148364071e+02
9.800000000000000933e-01 -9.605152643416231513e+02
9.820000000000000950e-01 -9.605303234325517678e+02
9.840000000000000968e-01 -9.605556939890828971e+02
9.860000000000000986e-01 -9.605826609054331584e+02
9.880000000000001004e-01 -9.606028803116382733e+02
9.900000000000001021e-01 -9.606299023352279391e+02
9.920000000000001039e-01 -9.606572924752726976e+02
9.940000000000001057e-01 -9.607017136740480510e+02
9.960000000000001075e-01 -9.607449666006542657e+02
9.980000000000001092e-01 -9.607854302247809528e+02
