0.000000000000000000e+00 -9.608105713710514237e+02 -9.608105713710514237e+02
9.000000000000000222e-01 -9.599873461781899096e+02
9.020000000000000240e-01 -9.599894025337314361e+02
9.040000000000000258e-01 -9.600153181328182654e+02
9.060000000000000275e-01 -9.599938620724732345e+02
9.080000000000000293e-01 -9.600118028916400590e+02
9.100000000000000311e-01 -9.600065343367273272e+02
9.120000000000000329e-01 -9.599980891177327749e+02
9.140000000000000346e-01 -9.599985246788564837e+02
9.160000000000000364e-01 -9.600049426010735942e+02
9.180000000000000382e-01 -9.599950849251548561e+02
9.200000000000000400e-01 -9.600210650640145786e+02
9.220000000000000417e-01 -9.600180804084229749e+02
9.240000000000000435e-01 -9.600011368528902267e+02
9.260000000000000453e-01 -9.600131619628939461e+02
9.280000000000000471e-01 -9.600313594098244039e+02
9.300000000000000488e-01 -9.600149529130295605e+02
9.320000000000000506e-01 -9.600327805186856267e+02
9.340000000000000524e-01 -9.600072607179306488e+02
9.360000000000000542e-01 -9.600155466558466060e+02
9.380000000000000560e-01 -9.600346010367867393e+02
9.400000000000000577e-01 -9.600376432496948382e+02
9.420000000000000595e-01 -9.600226055519536885e+02
9.440000000000000613e-01 -9.600436579816483800e+02
9.460000000000000631e-01 -9.600227038749102348e+02
9.480000000000000648e-01 -9.600276211000006015e+02
9.500000000000000666e-01 -9.600450852357535041e+02
9.520000000000000684e-01 -9.600477405925230414e+02
9.540000000000000702e-01 -9.600283742289659585e+02
9.560000000000000719e-01 -9.600552760921866593e+02
9.580000000000000737e-01 -9.600808852558463968e+02
9.600000000000000755e-01 -9.600511725633124342e+02
9.620000000000000773e-01 -9.600707989964654416e+02
9.640000000000000790e-01 -9.600774588758273467e+02
9.660000000000000808e-01 -9.600785390702490076e+02
9.680000000000000826e-01 -9.601034802660294645e+02
9.700000000000000844e-01 -9.601123051508931212e+02
9.720000000000000862e-01 -9.601533756455432922e+02
9.740000000000000879e-01 -9.601663638252400688e+02
9.760000000000000897e-01 -9.601628122080056755e+02
9.780000000000000915e-01 -9.601930669312030204e+02
9.800000000000000933e-01 -9.602096983809691437e+02
9.820000000000000950e-01 -9.602435519951384322e+02
9.840000000000000968e-01 -9.602786562737180702e+02
9.860000000000000986e-01 -9.603189350628028933e+02
9.880000000000001004e-01 -9.603521001366717655e+02
9.900000000000001021e-01 -9.604291191497526370e+02
9.920000000000001039e-01 -9.604573741339773960e+02
9.940000000000001057e-01 -9.605014874819182751e+02
9.960000000000001075e-01 -9.606112367600106836e+02
9.980000000000001092e-01 -9.606945913798969059e+02
