6.24519e-17
-6.36854e-19
-1.73123e-18
-5.20555e-18
-6.38715e-19
-4.98736e-18
9.54099e-18
-3.46849e-18
-1.73509e-18
9.54113e-18
-3.90307e-18
9.48229e-19
-5.20541e-18
-3.4687e-18
9.48864e-19
6.07214e-18
-1.93902e-18
0.158705
0.00772916
0.0137127
-0.158705
6.2502e-20
0.00620988
-0.00990061
-0.00772916
-0.00620988
9.76031e-19
-0.0244109
-0.0137127
0.00990061
0.0244109
-5.85479e-18
-1.21397e-17
0.00772916
0.147381
0.00966846
-0.00772916
1.59493e-19
-0.000602206
-0.0174319
-0.147381
0.000602206
-3.46633e-18
-0.00685731
-0.00966846
0.0174319
0.00685731
2.49379e-18
-1.38798e-17
0.0137127
0.00966846
0.181971
-0.0137127
-3.52338e-18
0.00703123
-0.0032579
-0.00966846
-0.00703123
-5.85524e-18
-0.0102216
-0.181971
0.0032579
0.0102216
1.73496e-18
-1.93736e-18
-0.158705
-0.00772916
-0.0137127
0.158705
5.99256e-20
-0.00620988
0.00990061
0.00772916
0.00620988
8.67276e-19
0.0244109
0.0137127
-0.00990061
-0.0244109
-5.85417e-18
-1.30155e-18
-2.06547e-18
-2.24115e-18
-3.41415e-18
-2.06588e-18
-3.47016e-18
-2.16888e-18
7.56821e-19
-2.24107e-18
-2.16873e-18
5.0957e-18
4.32956e-19
-3.41422e-18
8.6743e-19
4.32723e-19
-9.75825e-18
9.54004e-18
0.00620988
-0.000602206
0.00703123
-0.00620988
-4.33835e-18
0.14735
-0.00183614
0.000602206
-0.14735
6.93937e-18
-0.00541072
-0.00703123
0.00183614
0.00541072
-4.33723e-18
4.7711e-18
-0.00990061
-0.0174319
-0.0032579
0.00990061
4.22381e-18
-0.00183614
0.147972
0.0174319
0.00183614
-3.1999e-18
0.010752
0.0032579
-0.147972
-0.010752
-2.81434e-18
-1.21394e-17
-0.00772916
-0.147381
-0.00966846
0.00772916
1.59538e-19
0.000602206
0.0174319
0.147381
-0.000602206
-3.46621e-18
0.00685731
0.00966846
-0.0174319
-0.00685731
2.49354e-18
9.53976e-18
-0.00620988
0.000602206
-0.00703123
0.00620988
-4.33788e-18
-0.14735
0.00183614
-0.000602206
0.14735
6.94024e-18
0.00541072
0.00703123
-0.00183614
-0.00541072
-4.33713e-18
-4.338e-18
2.17501e-19
-8.64278e-19
1.95159e-18
1.08584e-19
5.9636e-18
-2.60122e-18
-5.96837e-19
-8.65287e-19
-2.60212e-18
-2.77564e-17
1.08202e-18
1.95142e-18
-5.97559e-19
1.08372e-18
8.13185e-18
1.2335e-18
-0.0244109
-0.00685731
-0.0102216
0.0244109
-2.16851e-18
-0.00541072
0.010752
0.00685731
0.00541072
1.51779e-18
0.153012
0.0102216
-0.010752
-0.153012
-2.19397e-19
-1.38793e-17
-0.0137127
-0.00966846
-0.181971
0.0137127
-3.52352e-18
-0.00703123
0.0032579
0.00966846
0.00703123
-5.85507e-18
0.0102216
0.181971
-0.0032579
-0.0102216
1.73513e-18
4.77068e-18
0.00990061
0.0174319
0.0032579
-0.00990061
4.33654e-18
0.00183614
-0.147972
-0.0174319
-0.00183614
-3.19997e-18
-0.010752
-0.0032579
0.147972
0.010752
-2.81673e-18
1.23419e-18
0.0244109
0.00685731
0.0102216
-0.0244109
-2.1685e-18
0.00541072
-0.010752
-0.00685731
-0.00541072
1.51967e-18
-0.153012
-0.0102216
0.010752
0.153012
-2.2106e-19
2.60303e-18
-1.73552e-18
9.77373e-19
-1.21423e-17
-1.73566e-18
-9.54068e-18
4.01234e-18
-6.28831e-18
9.77557e-19
4.01242e-18
-1.08258e-18
-7.37518e-18
-1.21422e-17
-6.28765e-18
-7.37423e-18
-6.94128e-18
