2,3,-107.799614,0.000004
2,4,-107.800662,-0.000010
2,5,-107.799752,0.000000
2,8,-107.799646,-0.000001
2,9,-107.799646,-0.000001
2,10,-107.799645,-0.000001
2,11,-107.799680,-0.000002
2,12,-107.799679,-0.000002
2,13,-107.799679,-0.000002
2,14,-107.800479,-0.000013
2,15,-107.799670,-0.000000
2,16,-107.799670,-0.000000
2,17,-107.799670,-0.000000
2,18,-107.799757,-0.000000
2,19,-107.799757,-0.000000
2,20,-107.799758,-0.000000
2,21,-107.799758,-0.000000
2,22,-107.799759,-0.000000
2,23,-107.799759,-0.000000
2,24,-107.799759,-0.000000
2,25,-107.799695,-0.000098
2,26,-107.799694,-0.000097
2,27,-107.799694,-0.000097
2,28,-107.799695,-0.000098
2,29,-107.799695,-0.000098
2,30,-107.799694,-0.000097
2,31,-107.799600,-0.000000
2,32,-107.799600,-0.000000
2,33,-107.799600,-0.000000
2,34,-107.799600,-0.000000
2,35,-107.799600,-0.000000
2,36,-107.799599,-0.000000
2,37,-107.799599,-0.000000
2,38,-107.799599,-0.000000
2,39,-107.799599,-0.000000
2,40,-107.799600,-0.000000
2,41,-107.799600,-0.000000
2,42,-107.799600,-0.000000
2,43,-107.799600,-0.000000
2,44,-107.799600,-0.000000
2,45,-107.799635,-0.000000
2,46,-107.799635,-0.000000
2,47,-107.799635,-0.000000
2,48,-107.800418,-0.000743
2,49,-107.800474,-0.000712
3,4,-107.800663,-0.000001
3,5,-107.799763,-0.000000
3,8,-107.799659,-0.000004
3,9,-107.799659,-0.000004
3,10,-107.799659,-0.000004
3,11,-107.799694,-0.000005
3,12,-107.799693,-0.000005
3,13,-107.799693,-0.000005
3,14,-107.800492,-0.000016
3,15,-107.799681,-0.000000
3,16,-107.799681,-0.000000
3,17,-107.799681,-0.000000
3,18,-107.799768,-0.000000
3,19,-107.799768,-0.000000
3,20,-107.799769,-0.000000
3,21,-107.799769,-0.000000
3,22,-107.799769,-0.000000
3,23,-107.799769,-0.000000
3,24,-107.799770,-0.000000
3,25,-107.799714,-0.000106
3,26,-107.799713,-0.000105
3,27,-107.799713,-0.000105
3,28,-107.799714,-0.000106
3,29,-107.799714,-0.000106
3,30,-107.799713,-0.000105
3,31,-107.799611,-0.000000
3,32,-107.799611,-0.000000
3,33,-107.799611,-0.000000
3,34,-107.799611,-0.000000
3,35,-107.799611,-0.000000
3,36,-107.799609,-0.000000
3,37,-107.799610,-0.000000
3,38,-107.799610,-0.000000
3,39,-107.799609,-0.000000
3,40,-107.799610,-0.000000
3,41,-107.799611,-0.000000
3,42,-107.799611,-0.000000
3,43,-107.799611,-0.000000
3,44,-107.799611,-0.000000
3,45,-107.799648,-0.000003
3,46,-107.799648,-0.000003
3,47,-107.799648,-0.000003
3,48,-107.800558,-0.000872
3,49,-107.800546,-0.000773
4,5,-107.800785,0.000012
4,8,-107.800752,-0.000063
4,9,-107.800752,-0.000063
4,10,-107.800751,-0.000062
4,11,-107.800812,-0.000090
4,12,-107.800808,-0.000087
4,13,-107.800808,-0.000087
4,14,-107.804883,-0.003373
4,15,-107.800808,-0.000094
4,16,-107.800808,-0.000094
4,17,-107.800809,-0.000095
4,18,-107.800972,-0.000170
4,19,-107.800972,-0.000170
4,20,-107.800974,-0.000171
4,21,-107.800974,-0.000171
4,22,-107.800974,-0.000171
4,23,-107.800974,-0.000171
4,24,-107.800974,-0.000171
4,25,-107.800671,-0.000030
4,26,-107.800672,-0.000030
4,27,-107.800672,-0.000030
4,28,-107.800671,-0.000030
4,29,-107.800671,-0.000030
4,30,-107.800672,-0.000030
4,31,-107.800678,-0.000034
4,32,-107.800678,-0.000034
4,33,-107.800678,-0.000034
4,34,-107.800678,-0.000034
4,35,-107.800681,-0.000037
4,36,-107.800757,-0.000114
4,37,-107.800732,-0.000089
4,38,-107.800732,-0.000089
4,39,-107.800757,-0.000114
4,40,-107.800681,-0.000037
4,41,-107.800678,-0.000034
4,42,-107.800678,-0.000034
4,43,-107.800679,-0.000034
4,44,-107.800679,-0.000034
4,45,-107.800744,-0.000065
4,46,-107.800744,-0.000065
4,47,-107.800744,-0.000065
4,48,-107.800832,-0.000113
4,49,-107.801579,-0.000772
5,8,-107.799807,-0.000016
5,9,-107.799807,-0.000016
5,10,-107.811334,-0.011544
5,11,-107.804895,-0.005072
5,12,-107.799842,-0.000020
5,13,-107.799842,-0.000020
5,14,-107.800783,-0.000172
5,15,-107.800279,-0.000464
5,16,-107.800279,-0.000464
5,17,-107.800585,-0.000770
5,18,-107.799914,-0.000012
5,19,-107.799914,-0.000012
5,20,-107.799915,-0.000011
5,21,-107.799915,-0.000011
5,22,-107.800591,-0.000687
5,23,-107.800591,-0.000687
5,24,-107.801118,-0.001214
5,25,-107.801247,-0.001504
5,26,-107.799752,-0.000010
5,27,-107.799752,-0.000010
5,28,-107.799752,-0.000010
5,29,-107.799752,-0.000010
5,30,-107.801131,-0.001389
5,31,-107.799746,-0.000001
5,32,-107.799746,-0.000001
5,33,-107.799746,-0.000001
5,34,-107.799746,-0.000001
5,35,-107.799848,-0.000103
5,36,-107.799825,-0.000080
5,37,-107.799826,-0.000081
5,38,-107.799826,-0.000081
5,39,-107.799825,-0.000080
5,40,-107.799842,-0.000097
5,41,-107.799783,-0.000038
5,42,-107.799786,-0.000041
5,43,-107.799783,-0.000038
5,44,-107.799783,-0.000038
5,45,-107.800185,-0.000404
5,46,-107.799934,-0.000153
5,47,-107.799934,-0.000153
5,48,-107.799837,-0.000017
5,49,-107.799929,-0.000022
8,9,-107.799682,0.000001
8,10,-107.799681,0.000001
8,11,-107.799715,0.000001
8,12,-107.799705,0.000010
8,13,-107.799714,0.000001
8,14,-107.800497,0.000006
8,15,-107.799707,0.000000
8,16,-107.799707,0.000000
8,17,-107.799707,0.000000
8,18,-107.799794,0.000001
8,19,-107.799794,0.000001
8,20,-107.799795,0.000001
8,21,-107.799795,0.000001
8,22,-107.799795,0.000001
8,23,-107.799796,0.000000
8,24,-107.799796,0.000000
8,25,-107.799634,0.000000
8,26,-107.799644,-0.000009
8,27,-107.799635,0.000000
8,28,-107.799634,0.000000
8,29,-107.799634,0.000001
8,30,-107.799635,0.000000
8,31,-107.799637,0.000000
8,32,-107.799637,0.000000
8,33,-107.799637,0.000000
8,34,-107.799637,0.000000
8,35,-107.799637,0.000000
8,36,-107.799636,0.000000
8,37,-107.799637,0.000000
8,38,-107.799637,0.000000
8,39,-107.799636,0.000000
8,40,-107.799637,0.000000
8,41,-107.799637,0.000000
8,42,-107.799637,0.000000
8,43,-107.799637,0.000000
8,44,-107.799637,0.000000
8,45,-107.799672,0.000000
8,46,-107.799672,0.000001
8,47,-107.799672,0.000000
8,48,-107.799712,-0.000000
8,49,-107.799799,0.000001
9,10,-107.799681,0.000001
9,11,-107.799715,0.000001
9,12,-107.799714,0.000001
9,13,-107.799705,0.000010
9,14,-107.800497,0.000006
9,15,-107.799707,0.000000
9,16,-107.799707,0.000000
9,17,-107.799707,0.000000
9,18,-107.799794,0.000001
9,19,-107.799794,0.000001
9,20,-107.799795,0.000001
9,21,-107.799795,0.000001
9,22,-107.799796,0.000000
9,23,-107.799795,0.000001
9,24,-107.799796,0.000000
9,25,-107.799634,0.000000
9,26,-107.799635,0.000000
9,27,-107.799644,-0.000009
9,28,-107.799634,0.000001
9,29,-107.799634,0.000000
9,30,-107.799635,0.000000
9,31,-107.799637,0.000000
9,32,-107.799637,0.000000
9,33,-107.799637,0.000000
9,34,-107.799637,0.000000
9,35,-107.799637,0.000000
9,36,-107.799636,0.000000
9,37,-107.799636,0.000000
9,38,-107.799636,0.000000
9,39,-107.799636,0.000000
9,40,-107.799637,0.000000
9,41,-107.799637,0.000000
9,42,-107.799637,0.000000
9,43,-107.799637,0.000000
9,44,-107.799637,0.000000
9,45,-107.799672,0.000000
9,46,-107.799672,0.000000
9,47,-107.799672,0.000001
9,48,-107.799712,-0.000000
9,49,-107.799799,0.000001
10,11,-107.799705,0.000010
10,12,-107.799713,0.000001
10,13,-107.799713,0.000001
10,14,-107.800496,0.000006
10,15,-107.799706,0.000000
10,16,-107.799706,0.000000
10,17,-107.799706,0.000000
10,18,-107.799794,0.000000
10,19,-107.799794,0.000000
10,20,-107.799795,0.000000
10,21,-107.799795,0.000000
10,22,-107.799795,0.000001
10,23,-107.799795,0.000001
10,24,-107.799795,0.000001
10,25,-107.799633,0.000001
10,26,-107.799634,0.000000
10,27,-107.799634,0.000000
10,28,-107.799634,0.000000
10,29,-107.799634,0.000000
10,30,-107.799643,-0.000009
10,31,-107.799637,0.000000
10,32,-107.799637,0.000000
10,33,-107.799637,0.000000
10,34,-107.799637,0.000000
10,35,-107.799637,0.000000
10,36,-107.799635,0.000000
10,37,-107.799636,0.000000
10,38,-107.799636,0.000000
10,39,-107.799635,0.000000
10,40,-107.799636,0.000000
10,41,-107.799637,0.000000
10,42,-107.799637,0.000000
10,43,-107.799637,0.000000
10,44,-107.799637,0.000000
10,45,-107.799671,0.000001
10,46,-107.799671,0.000001
10,47,-107.799671,0.000001
10,48,-107.799712,-0.000000
10,49,-107.799798,0.000001
11,12,-107.799747,0.000001
11,13,-107.799747,0.000001
11,14,-107.800528,0.000008
11,15,-107.799740,0.000000
11,16,-107.799740,0.000000
11,17,-107.799740,0.000001
11,18,-107.799828,0.000000
11,19,-107.799828,0.000000
11,20,-107.799829,0.000000
11,21,-107.799829,0.000000
11,22,-107.799828,0.000001
11,23,-107.799828,0.000001
11,24,-107.799829,0.000001
11,25,-107.799676,-0.000008
11,26,-107.799668,0.000000
11,27,-107.799668,0.000000
11,28,-107.799667,0.000000
11,29,-107.799667,0.000000
11,30,-107.799667,0.000001
11,31,-107.799670,0.000000
11,32,-107.799670,0.000000
11,33,-107.799670,0.000000
11,34,-107.799670,0.000000
11,35,-107.799670,0.000000
11,36,-107.799669,0.000000
11,37,-107.799670,0.000000
11,38,-107.799670,0.000000
11,39,-107.799669,0.000000
11,40,-107.799670,0.000000
11,41,-107.799670,0.000000
11,42,-107.799670,0.000000
11,43,-107.799671,0.000000
11,44,-107.799671,0.000000
11,45,-107.799704,0.000001
11,46,-107.799705,0.000001
11,47,-107.799705,0.000001
11,48,-107.799746,-0.000000
11,49,-107.799832,0.000001
12,13,-107.799746,0.000001
12,14,-107.800527,0.000008
12,15,-107.799739,0.000000
12,16,-107.799739,0.000000
12,17,-107.799739,0.000000
12,18,-107.799826,0.000001
12,19,-107.799826,0.000001
12,20,-107.799827,0.000001
12,21,-107.799827,0.000001
12,22,-107.799827,0.000001
12,23,-107.799828,0.000000
12,24,-107.799828,0.000000
12,25,-107.799666,0.000000
12,26,-107.799666,0.000001
12,27,-107.799667,0.000000
12,28,-107.799666,0.000000
12,29,-107.799675,-0.000009
12,30,-107.799667,0.000000
12,31,-107.799669,0.000000
12,32,-107.799669,0.000000
12,33,-107.799669,0.000000
12,34,-107.799669,0.000000
12,35,-107.799669,0.000000
12,36,-107.799668,0.000000
12,37,-107.799669,0.000000
12,38,-107.799669,0.000000
12,39,-107.799668,0.000000
12,40,-107.799669,0.000000
12,41,-107.799669,0.000000
12,42,-107.799669,0.000000
12,43,-107.799670,0.000000
12,44,-107.799670,0.000000
12,45,-107.799704,0.000000
12,46,-107.799704,0.000001
12,47,-107.799704,0.000000
12,48,-107.799744,-0.000000
12,49,-107.799831,0.000001
13,14,-107.800527,0.000008
13,15,-107.799739,0.000000
13,16,-107.799739,0.000000
13,17,-107.799739,0.000000
13,18,-107.799826,0.000001
13,19,-107.799826,0.000001
13,20,-107.799827,0.000001
13,21,-107.799827,0.000001
13,22,-107.799828,0.000000
13,23,-107.799827,0.000001
13,24,-107.799828,0.000000
13,25,-107.799666,0.000000
13,26,-107.799667,0.000000
13,27,-107.799666,0.000001
13,28,-107.799675,-0.000009
13,29,-107.799666,0.000000
13,30,-107.799667,0.000000
13,31,-107.799669,0.000000
13,32,-107.799669,0.000000
13,33,-107.799669,0.000000
13,34,-107.799669,0.000000
13,35,-107.799669,0.000000
13,36,-107.799668,0.000000
13,37,-107.799669,0.000000
13,38,-107.799669,0.000000
13,39,-107.799668,0.000000
13,40,-107.799669,0.000000
13,41,-107.799669,0.000000
13,42,-107.799669,0.000000
13,43,-107.799670,0.000000
13,44,-107.799670,0.000000
13,45,-107.799704,0.000000
13,46,-107.799704,0.000000
13,47,-107.799704,0.000001
13,48,-107.799744,-0.000000
13,49,-107.799831,0.000001
14,15,-107.800529,-0.000001
14,16,-107.800529,-0.000001
14,17,-107.800529,-0.000001
14,18,-107.800613,0.000002
14,19,-107.800613,0.000002
14,20,-107.800614,0.000002
14,21,-107.800614,0.000002
14,22,-107.800615,0.000002
14,23,-107.800615,0.000002
14,24,-107.800615,0.000002
14,25,-107.800454,0.000001
14,26,-107.800455,0.000001
14,27,-107.800455,0.000001
14,28,-107.800454,0.000001
14,29,-107.800454,0.000001
14,30,-107.800455,0.000001
14,31,-107.800457,0.000000
14,32,-107.800457,0.000000
14,33,-107.800457,0.000000
14,34,-107.800457,0.000000
14,35,-107.800457,0.000000
14,36,-107.800456,0.000000
14,37,-107.800457,0.000000
14,38,-107.800457,0.000000
14,39,-107.800456,0.000000
14,40,-107.800457,0.000000
14,41,-107.800457,0.000000
14,42,-107.800457,0.000000
14,43,-107.800458,0.000000
14,44,-107.800458,0.000000
14,45,-107.800490,0.000003
14,46,-107.800490,0.000003
14,47,-107.800490,0.000003
14,48,-107.800530,0.000003
14,49,-107.800774,-0.000154
15,16,-107.799732,0.000001
15,17,-107.799732,0.000001
15,18,-107.799819,0.000001
15,19,-107.799819,0.000001
15,20,-107.799820,0.000001
15,21,-107.799820,0.000001
15,22,-107.799808,0.000013
15,23,-107.799820,0.000001
15,24,-107.799821,0.000001
15,25,-107.799659,0.000000
15,26,-107.799660,0.000000
15,27,-107.799660,0.000000
15,28,-107.799659,0.000000
15,29,-107.799659,0.000000
15,30,-107.799660,0.000000
15,31,-107.799662,0.000000
15,32,-107.799662,0.000000
15,33,-107.799662,0.000000
15,34,-107.799662,0.000000
15,35,-107.799662,0.000000
15,36,-107.799660,0.000001
15,37,-107.799662,0.000000
15,38,-107.799662,0.000000
15,39,-107.799660,0.000001
15,40,-107.799662,0.000000
15,41,-107.799662,0.000001
15,42,-107.799662,0.000001
15,43,-107.799662,0.000001
15,44,-107.799662,0.000001
15,45,-107.799697,0.000000
15,46,-107.799750,-0.000053
15,47,-107.799697,0.000000
15,48,-107.799737,0.000000
15,49,-107.799825,-0.000000
16,17,-107.799732,0.000001
16,18,-107.799819,0.000001
16,19,-107.799819,0.000001
16,20,-107.799820,0.000001
16,21,-107.799820,0.000001
16,22,-107.799820,0.000001
16,23,-107.799808,0.000013
16,24,-107.799821,0.000001
16,25,-107.799659,0.000000
16,26,-107.799660,0.000000
16,27,-107.799660,0.000000
16,28,-107.799659,0.000000
16,29,-107.799659,0.000000
16,30,-107.799660,0.000000
16,31,-107.799662,0.000000
16,32,-107.799662,0.000000
16,33,-107.799662,0.000000
16,34,-107.799662,0.000000
16,35,-107.799662,0.000000
16,36,-107.799661,0.000000
16,37,-107.799661,0.000001
16,38,-107.799661,0.000001
16,39,-107.799661,0.000000
16,40,-107.799662,0.000000
16,41,-107.799662,0.000001
16,42,-107.799662,0.000001
16,43,-107.799662,0.000001
16,44,-107.799662,0.000001
16,45,-107.799697,0.000000
16,46,-107.799697,0.000000
16,47,-107.799750,-0.000053
16,48,-107.799737,0.000000
16,49,-107.799825,-0.000000
17,18,-107.799819,0.000001
17,19,-107.799819,0.000001
17,20,-107.799820,0.000001
17,21,-107.799820,0.000001
17,22,-107.799821,0.000001
17,23,-107.799821,0.000001
17,24,-107.799808,0.000013
17,25,-107.799659,0.000000
17,26,-107.799660,0.000000
17,27,-107.799660,0.000000
17,28,-107.799659,0.000000
17,29,-107.799659,0.000000
17,30,-107.799660,0.000000
17,31,-107.799662,0.000000
17,32,-107.799662,0.000000
17,33,-107.799662,0.000000
17,34,-107.799662,0.000000
17,35,-107.799661,0.000001
17,36,-107.799661,0.000001
17,37,-107.799661,0.000001
17,38,-107.799661,0.000001
17,39,-107.799661,0.000001
17,40,-107.799661,0.000001
17,41,-107.799662,0.000000
17,42,-107.799662,0.000000
17,43,-107.799663,0.000000
17,44,-107.799663,0.000000
17,45,-107.799750,-0.000053
17,46,-107.799697,0.000000
17,47,-107.799697,0.000000
17,48,-107.799737,0.000000
17,49,-107.799825,-0.000000
18,19,-107.799906,0.000001
18,20,-107.799887,0.000021
18,21,-107.799908,0.000001
18,22,-107.799907,0.000001
18,23,-107.799907,0.000001
18,24,-107.799907,0.000001
18,25,-107.799747,0.000000
18,26,-107.799747,0.000000
18,27,-107.799747,0.000000
18,28,-107.799746,0.000000
18,29,-107.799746,0.000000
18,30,-107.799747,0.000000
18,31,-107.799748,0.000001
18,32,-107.799748,0.000001
18,33,-107.799748,0.000001
18,34,-107.799748,0.000001
18,35,-107.799749,0.000000
18,36,-107.799748,0.000000
18,37,-107.799749,0.000000
18,38,-107.799749,0.000000
18,39,-107.799748,0.000000
18,40,-107.799749,0.000000
18,41,-107.799750,0.000000
18,42,-107.799749,0.000001
18,43,-107.799750,0.000000
18,44,-107.799749,0.000001
18,45,-107.799785,0.000000
18,46,-107.799785,0.000000
18,47,-107.799785,0.000000
18,48,-107.799824,0.000000
18,49,-107.799912,-0.000000
19,20,-107.799908,0.000001
19,21,-107.799887,0.000021
19,22,-107.799907,0.000001
19,23,-107.799907,0.000001
19,24,-107.799907,0.000001
19,25,-107.799747,0.000000
19,26,-107.799747,0.000000
19,27,-107.799747,0.000000
19,28,-107.799746,0.000000
19,29,-107.799746,0.000000
19,30,-107.799747,0.000000
19,31,-107.799748,0.000001
19,32,-107.799748,0.000001
19,33,-107.799748,0.000001
19,34,-107.799748,0.000001
19,35,-107.799749,0.000000
19,36,-107.799748,0.000000
19,37,-107.799749,0.000000
19,38,-107.799749,0.000000
19,39,-107.799748,0.000000
19,40,-107.799749,0.000000
19,41,-107.799749,0.000001
19,42,-107.799750,0.000000
19,43,-107.799749,0.000001
19,44,-107.799750,0.000000
19,45,-107.799785,0.000000
19,46,-107.799785,0.000000
19,47,-107.799785,0.000000
19,48,-107.799824,0.000000
19,49,-107.799912,-0.000000
20,21,-107.799909,0.000001
20,22,-107.799909,0.000001
20,23,-107.799909,0.000001
20,24,-107.799909,0.000001
20,25,-107.799748,0.000000
20,26,-107.799748,0.000000
20,27,-107.799748,0.000000
20,28,-107.799748,0.000000
20,29,-107.799748,0.000000
20,30,-107.799749,0.000000
20,31,-107.799750,0.000001
20,32,-107.799750,0.000001
20,33,-107.799750,0.000001
20,34,-107.799750,0.000001
20,35,-107.799751,0.000000
20,36,-107.799750,0.000000
20,37,-107.799750,0.000000
20,38,-107.799750,0.000000
20,39,-107.799750,0.000000
20,40,-107.799751,0.000000
20,41,-107.799751,0.000000
20,42,-107.799750,0.000001
20,43,-107.799751,0.000000
20,44,-107.799750,0.000001
20,45,-107.799786,0.000000
20,46,-107.799786,0.000000
20,47,-107.799786,0.000000
20,48,-107.799826,0.000000
20,49,-107.799914,-0.000000
21,22,-107.799909,0.000001
21,23,-107.799909,0.000001
21,24,-107.799909,0.000001
21,25,-107.799748,0.000000
21,26,-107.799748,0.000000
21,27,-107.799748,0.000000
21,28,-107.799748,0.000000
21,29,-107.799748,0.000000
21,30,-107.799749,0.000000
21,31,-107.799750,0.000001
21,32,-107.799750,0.000001
21,33,-107.799750,0.000001
21,34,-107.799750,0.000001
21,35,-107.799751,0.000000
21,36,-107.799750,0.000000
21,37,-107.799750,0.000000
21,38,-107.799750,0.000000
21,39,-107.799750,0.000000
21,40,-107.799751,0.000000
21,41,-107.799750,0.000001
21,42,-107.799751,0.000000
21,43,-107.799750,0.000001
21,44,-107.799751,0.000000
21,45,-107.799786,0.000000
21,46,-107.799786,0.000000
21,47,-107.799786,0.000000
21,48,-107.799826,0.000000
21,49,-107.799914,-0.000000
22,23,-107.799909,0.000001
22,24,-107.799910,0.000001
22,25,-107.799748,0.000000
22,26,-107.799748,0.000000
22,27,-107.799749,0.000000
22,28,-107.799748,0.000000
22,29,-107.799748,0.000000
22,30,-107.799748,0.000000
22,31,-107.799751,0.000000
22,32,-107.799751,0.000000
22,33,-107.799751,0.000000
22,34,-107.799751,0.000000
22,35,-107.799751,0.000001
22,36,-107.799749,0.000001
22,37,-107.799750,0.000000
22,38,-107.799750,0.000000
22,39,-107.799749,0.000001
22,40,-107.799751,0.000001
22,41,-107.799750,0.000001
22,42,-107.799750,0.000001
22,43,-107.799750,0.000001
22,44,-107.799750,0.000001
22,45,-107.799786,0.000000
22,46,-107.799783,0.000004
22,47,-107.799786,0.000000
22,48,-107.799826,0.000000
22,49,-107.799914,-0.000000
23,24,-107.799910,0.000001
23,25,-107.799748,0.000000
23,26,-107.799749,0.000000
23,27,-107.799748,0.000000
23,28,-107.799748,0.000000
23,29,-107.799748,0.000000
23,30,-107.799748,0.000000
23,31,-107.799751,0.000000
23,32,-107.799751,0.000000
23,33,-107.799751,0.000000
23,34,-107.799751,0.000000
23,35,-107.799751,0.000001
23,36,-107.799750,0.000000
23,37,-107.799749,0.000001
23,38,-107.799749,0.000001
23,39,-107.799750,0.000000
23,40,-107.799751,0.000001
23,41,-107.799750,0.000001
23,42,-107.799750,0.000001
23,43,-107.799750,0.000001
23,44,-107.799750,0.000001
23,45,-107.799786,0.000000
23,46,-107.799786,0.000000
23,47,-107.799783,0.000004
23,48,-107.799826,0.000000
23,49,-107.799914,-0.000000
24,25,-107.799748,0.000000
24,26,-107.799749,0.000000
24,27,-107.799749,0.000000
24,28,-107.799748,0.000000
24,29,-107.799748,0.000000
24,30,-107.799749,0.000000
24,31,-107.799751,0.000000
24,32,-107.799751,0.000000
24,33,-107.799751,0.000000
24,34,-107.799751,0.000000
24,35,-107.799750,0.000002
24,36,-107.799749,0.000001
24,37,-107.799750,0.000001
24,38,-107.799750,0.000001
24,39,-107.799749,0.000001
24,40,-107.799750,0.000002
24,41,-107.799752,0.000000
24,42,-107.799751,0.000000
24,43,-107.799752,0.000000
24,44,-107.799752,0.000000
24,45,-107.799783,0.000004
24,46,-107.799787,0.000000
24,47,-107.799787,0.000000
24,48,-107.799826,0.000000
24,49,-107.799914,-0.000000
25,26,-107.799587,0.000000
25,27,-107.799587,0.000000
25,28,-107.799586,0.000000
25,29,-107.799586,0.000000
25,30,-107.799584,0.000003
25,31,-107.799589,0.000000
25,32,-107.799589,0.000000
25,33,-107.799589,0.000000
25,34,-107.799589,0.000000
25,35,-107.799589,0.000000
25,36,-107.799588,0.000000
25,37,-107.799589,0.000000
25,38,-107.799589,0.000000
25,39,-107.799588,0.000000
25,40,-107.799589,0.000000
25,41,-107.799589,0.000000
25,42,-107.799589,0.000000
25,43,-107.799590,0.000000
25,44,-107.799590,0.000000
25,45,-107.799624,0.000000
25,46,-107.799624,0.000000
25,47,-107.799624,0.000000
25,48,-107.799663,0.000001
25,49,-107.799751,0.000001
26,27,-107.799587,0.000000
26,28,-107.799587,0.000000
26,29,-107.799583,0.000003
26,30,-107.799587,0.000000
26,31,-107.799590,0.000000
26,32,-107.799590,0.000000
26,33,-107.799590,0.000000
26,34,-107.799590,0.000000
26,35,-107.799590,0.000000
26,36,-107.799589,0.000000
26,37,-107.799589,0.000000
26,38,-107.799589,0.000000
26,39,-107.799589,0.000000
26,40,-107.799590,0.000000
26,41,-107.799590,0.000000
26,42,-107.799590,0.000000
26,43,-107.799590,0.000000
26,44,-107.799590,0.000000
26,45,-107.799625,0.000000
26,46,-107.799625,0.000000
26,47,-107.799625,0.000000
26,48,-107.799664,0.000001
26,49,-107.799752,0.000001
27,28,-107.799583,0.000003
27,29,-107.799587,0.000000
27,30,-107.799587,0.000000
27,31,-107.799590,0.000000
27,32,-107.799590,0.000000
27,33,-107.799590,0.000000
27,34,-107.799590,0.000000
27,35,-107.799590,0.000000
27,36,-107.799589,0.000000
27,37,-107.799589,0.000000
27,38,-107.799589,0.000000
27,39,-107.799589,0.000000
27,40,-107.799590,0.000000
27,41,-107.799590,0.000000
27,42,-107.799590,0.000000
27,43,-107.799590,0.000000
27,44,-107.799590,0.000000
27,45,-107.799625,0.000000
27,46,-107.799625,0.000000
27,47,-107.799625,0.000000
27,48,-107.799664,0.000001
27,49,-107.799752,0.000001
28,29,-107.799586,0.000000
28,30,-107.799587,0.000000
28,31,-107.799589,0.000000
28,32,-107.799589,0.000000
28,33,-107.799589,0.000000
28,34,-107.799589,0.000000
28,35,-107.799589,0.000000
28,36,-107.799588,0.000000
28,37,-107.799589,0.000000
28,38,-107.799589,0.000000
28,39,-107.799588,0.000000
28,40,-107.799589,0.000000
28,41,-107.799589,0.000000
28,42,-107.799589,0.000000
28,43,-107.799590,0.000000
28,44,-107.799590,0.000000
28,45,-107.799624,0.000000
28,46,-107.799625,0.000000
28,47,-107.799624,0.000000
28,48,-107.799663,0.000001
28,49,-107.799751,0.000001
29,30,-107.799587,0.000000
29,31,-107.799589,0.000000
29,32,-107.799589,0.000000
29,33,-107.799589,0.000000
29,34,-107.799589,0.000000
29,35,-107.799589,0.000000
29,36,-107.799588,0.000000
29,37,-107.799589,0.000000
29,38,-107.799589,0.000000
29,39,-107.799588,0.000000
29,40,-107.799589,0.000000
29,41,-107.799589,0.000000
29,42,-107.799589,0.000000
29,43,-107.799590,0.000000
29,44,-107.799590,0.000000
29,45,-107.799624,0.000000
29,46,-107.799624,0.000000
29,47,-107.799625,0.000000
29,48,-107.799663,0.000001
29,49,-107.799751,0.000001
30,31,-107.799590,0.000000
30,32,-107.799590,0.000000
30,33,-107.799590,0.000000
30,34,-107.799590,0.000000
30,35,-107.799590,0.000000
30,36,-107.799589,0.000000
30,37,-107.799589,0.000000
30,38,-107.799589,0.000000
30,39,-107.799589,0.000000
30,40,-107.799590,0.000000
30,41,-107.799590,0.000000
30,42,-107.799590,0.000000
30,43,-107.799590,0.000000
30,44,-107.799590,0.000000
30,45,-107.799625,0.000000
30,46,-107.799625,0.000000
30,47,-107.799625,0.000000
30,48,-107.799664,0.000001
30,49,-107.799752,0.000001
31,32,-107.799592,0.000000
31,33,-107.799590,0.000002
31,34,-107.799592,0.000000
31,35,-107.799592,0.000000
31,36,-107.799591,0.000000
31,37,-107.799592,0.000000
31,38,-107.799592,0.000000
31,39,-107.799591,0.000000
31,40,-107.799592,0.000000
31,41,-107.799592,0.000000
31,42,-107.799592,0.000000
31,43,-107.799593,0.000000
31,44,-107.799593,0.000000
31,45,-107.799627,0.000000
31,46,-107.799627,0.000000
31,47,-107.799627,0.000000
31,48,-107.799667,0.000000
31,49,-107.799755,-0.000000
32,33,-107.799592,0.000000
32,34,-107.799590,0.000002
32,35,-107.799592,0.000000
32,36,-107.799591,0.000000
32,37,-107.799592,0.000000
32,38,-107.799592,0.000000
32,39,-107.799591,0.000000
32,40,-107.799592,0.000000
32,41,-107.799592,0.000000
32,42,-107.799592,0.000000
32,43,-107.799593,0.000000
32,44,-107.799593,0.000000
32,45,-107.799627,0.000000
32,46,-107.799627,0.000000
32,47,-107.799627,0.000000
32,48,-107.799667,0.000000
32,49,-107.799755,-0.000000
33,34,-107.799592,0.000000
33,35,-107.799592,0.000000
33,36,-107.799591,0.000000
33,37,-107.799592,0.000000
33,38,-107.799592,0.000000
33,39,-107.799591,0.000000
33,40,-107.799592,0.000000
33,41,-107.799592,0.000000
33,42,-107.799592,0.000000
33,43,-107.799593,0.000000
33,44,-107.799593,0.000000
33,45,-107.799627,0.000000
33,46,-107.799627,0.000000
33,47,-107.799627,0.000000
33,48,-107.799667,0.000000
33,49,-107.799755,-0.000000
34,35,-107.799592,0.000000
34,36,-107.799591,0.000000
34,37,-107.799592,0.000000
34,38,-107.799592,0.000000
34,39,-107.799591,0.000000
34,40,-107.799592,0.000000
34,41,-107.799592,0.000000
34,42,-107.799592,0.000000
34,43,-107.799593,0.000000
34,44,-107.799593,0.000000
34,45,-107.799627,0.000000
34,46,-107.799627,0.000000
34,47,-107.799627,0.000000
34,48,-107.799667,0.000000
34,49,-107.799755,-0.000000
35,36,-107.799591,0.000000
35,37,-107.799592,0.000000
35,38,-107.799592,0.000000
35,39,-107.799591,0.000000
35,40,-107.799590,0.000002
35,41,-107.799592,0.000000
35,42,-107.799592,0.000000
35,43,-107.799592,0.000000
35,44,-107.799592,0.000000
35,45,-107.799627,0.000000
35,46,-107.799627,0.000000
35,47,-107.799627,0.000000
35,48,-107.799667,0.000000
35,49,-107.799755,-0.000000
36,37,-107.799590,0.000000
36,38,-107.799591,0.000000
36,39,-107.799590,0.000000
36,40,-107.799591,0.000000
36,41,-107.799591,0.000000
36,42,-107.799591,0.000000
36,43,-107.799591,0.000000
36,44,-107.799591,0.000000
36,45,-107.799626,0.000000
36,46,-107.799626,0.000000
36,47,-107.799626,0.000000
36,48,-107.799666,0.000000
36,49,-107.799754,-0.000000
37,38,-107.799590,0.000001
37,39,-107.799591,0.000000
37,40,-107.799592,0.000000
37,41,-107.799592,0.000000
37,42,-107.799592,0.000000
37,43,-107.799592,0.000000
37,44,-107.799592,0.000000
37,45,-107.799627,0.000000
37,46,-107.799627,0.000000
37,47,-107.799627,0.000000
37,48,-107.799666,0.000000
37,49,-107.799754,-0.000000
38,39,-107.799590,0.000000
38,40,-107.799592,0.000000
38,41,-107.799592,0.000000
38,42,-107.799592,0.000000
38,43,-107.799592,0.000000
38,44,-107.799592,0.000000
38,45,-107.799627,0.000000
38,46,-107.799627,0.000000
38,47,-107.799627,0.000000
38,48,-107.799666,0.000000
38,49,-107.799754,-0.000000
39,40,-107.799591,0.000000
39,41,-107.799591,0.000000
39,42,-107.799591,0.000000
39,43,-107.799591,0.000000
39,44,-107.799591,0.000000
39,45,-107.799626,0.000000
39,46,-107.799626,0.000000
39,47,-107.799626,0.000000
39,48,-107.799666,0.000000
39,49,-107.799754,-0.000000
40,41,-107.799592,0.000000
40,42,-107.799592,0.000000
40,43,-107.799592,0.000000
40,44,-107.799592,0.000000
40,45,-107.799627,0.000000
40,46,-107.799627,0.000000
40,47,-107.799627,0.000000
40,48,-107.799667,0.000000
40,49,-107.799755,-0.000000
41,42,-107.799592,0.000000
41,43,-107.799591,0.000002
41,44,-107.799593,0.000000
41,45,-107.799628,0.000000
41,46,-107.799627,0.000000
41,47,-107.799627,0.000000
41,48,-107.799667,0.000000
41,49,-107.799755,-0.000000
42,43,-107.799593,0.000000
42,44,-107.799591,0.000002
42,45,-107.799628,0.000000
42,46,-107.799627,0.000000
42,47,-107.799627,0.000000
42,48,-107.799667,0.000000
42,49,-107.799755,-0.000000
43,44,-107.799593,0.000000
43,45,-107.799628,0.000000
43,46,-107.799628,0.000000
43,47,-107.799628,0.000000
43,48,-107.799667,0.000000
43,49,-107.799755,-0.000000
44,45,-107.799628,0.000000
44,46,-107.799628,0.000000
44,47,-107.799628,0.000000
44,48,-107.799667,0.000000
44,49,-107.799755,-0.000000
45,46,-107.799662,0.000000
45,47,-107.799662,0.000000
45,48,-107.799702,0.000000
45,49,-107.799790,0.000000
46,47,-107.799662,0.000000
46,48,-107.799702,0.000000
46,49,-107.799790,0.000000
47,48,-107.799702,0.000000
47,49,-107.799790,0.000000
48,49,-107.799819,0.000011
