-1.581750725520028489e+01
-1.581710077879558796e+01
-1.139821182309157743e+00
-9.483548122693155058e-01
-5.231495863106961908e-01
-4.343832362521131696e-01
-4.343832362521090618e-01
-6.217621839311382459e-02
-6.217621839311163190e-02
1.017539241032862085e-01
5.616870848718809039e-01
6.084510492053158970e-01
6.084510492053163411e-01
6.186033279202903801e-01
6.808113465948708587e-01
6.808113465948725240e-01
7.032557161316629335e-01
1.018016207458813049e+00
1.065909755713397633e+00
1.065909755713397855e+00
1.138327355758977477e+00
1.138327355758979254e+00
1.310746004190861846e+00
1.310746004190863401e+00
1.440380886150829154e+00
1.633837974818723726e+00
1.633837974818724836e+00
1.980031264269190405e+00
3.037931180070023718e+00
3.099592188762070322e+00
3.099592188762080092e+00
3.209093447367008078e+00
3.209093447367018292e+00
3.528830983402654553e+00
3.925592014444686306e+00
3.925592014444686750e+00
3.965285205842275396e+00
4.060225972062925237e+00
4.060225972062927013e+00
4.154764121373633046e+00
4.154764121373636598e+00
4.179752726559967435e+00
4.179752726559968323e+00
4.281236942528747313e+00
4.281236942528750866e+00
4.504043938005962033e+00
4.504043938005963810e+00
4.688438326154237501e+00
4.709302766837223153e+00
4.709302766837230259e+00
4.768970647714520616e+00
4.768970647714522393e+00
4.809209714235184840e+00
4.809209714235191946e+00
5.075417470432400435e+00
5.203485497785488079e+00
5.203485497785491631e+00
5.754019854569004444e+00
5.875077738232055147e+00
6.458464475507049052e+00
