-1.580166833498132917e+01
-1.580164878263291861e+01
-1.024916300395144919e+00
-1.021797262363673076e+00
-3.040747257021899075e-01
-3.014942158958752727e-01
-3.014942158958336949e-01
-1.967788139835009442e-01
-1.967788139834626138e-01
-1.926638699665308430e-01
6.077563710136214548e-01
6.184305316121003759e-01
6.184305316121108120e-01
6.204845394124834934e-01
6.204845394124950397e-01
6.313621831221837288e-01
6.681492179390099428e-01
6.738066523382014728e-01
1.220499550981473558e+00
1.220659489692996980e+00
1.220659489693009192e+00
1.220986731740221654e+00
1.220986731740227205e+00
1.222081137871315892e+00
1.222081137871317669e+00
1.222437141463434740e+00
1.222437141463453392e+00
1.222625093774599714e+00
3.144979966405571314e+00
3.152281668795295921e+00
3.152281668795357206e+00
3.153531863784157618e+00
3.153531863784217126e+00
3.161403534824021921e+00
4.169203330906698035e+00
4.169222113673052732e+00
4.169222113673343166e+00
4.169265935789004729e+00
4.169276031360798385e+00
4.169276031361079937e+00
4.169277029257209222e+00
4.169277029265503032e+00
4.169310587101273669e+00
4.169310587102137866e+00
4.169366186885238079e+00
4.169366186885238967e+00
4.169376972325932407e+00
4.169376972325934183e+00
4.747074667221784061e+00
4.747084439163734793e+00
4.747087682906522943e+00
4.747087682922338736e+00
4.747092947759018244e+00
4.747092947774833149e+00
4.747132824946096008e+00
4.747132824947022378e+00
4.747135471246282989e+00
4.747135471247013960e+00
5.603350404773661531e+00
5.609449046895225166e+00
