# error     HAA      HEA
1.000000000000000000e+00 -9.608760189815444619e+02    -9.608752779038300105e+02
9.000000000000000222e-01 -9.602931871275019375e+02    -9.602607573629089757e+02
9.020000000000000240e-01 -9.603122827695189017e+02    -9.602908841862210920e+02
9.040000000000000258e-01 -9.603177509399920382e+02    -9.603003045126001780e+02
9.060000000000000275e-01 -9.603322269878648285e+02    -9.602710133003107558e+02
9.080000000000000293e-01 -9.603278737135691472e+02    -9.602956458913172355e+02
9.100000000000000311e-01 -9.603109239832876938e+02    -9.603113420185311497e+02
9.120000000000000329e-01 -9.603170391202887686e+02    -9.603041690399701338e+02
9.140000000000000346e-01 -9.603341905003270540e+02    -9.602846331441428447e+02
9.160000000000000364e-01 -9.603087875141810628e+02    -9.603038463924962116e+02
9.180000000000000382e-01 -9.603204120500906811e+02    -9.602787860173839363e+02
9.200000000000000400e-01 -9.603344717673481910e+02    -9.602894851787684729e+02
9.220000000000000417e-01 -9.603363911791653891e+02    -9.602890483238118122e+02
9.240000000000000435e-01 -9.603224974243590850e+02    -9.603045167814553906e+02
9.260000000000000453e-01 -9.603368045747851056e+02    -9.603192937401692006e+02
9.280000000000000471e-01 -9.603254597175935032e+02    -9.603112022703946877e+02
9.300000000000000488e-01 -9.603513504486214742e+02    -9.603007776075346555e+02
9.320000000000000506e-01 -9.603460610062778642e+02    -9.603210735054810812e+02
9.340000000000000524e-01 -9.603376210408224551e+02    -9.603109241898293931e+02
9.360000000000000542e-01 -9.603529870966823410e+02    -9.603117839348352618e+02
9.380000000000000560e-01 -9.603516903301645016e+02    -9.603155330879998246e+02
9.400000000000000577e-01 -9.603425041382212157e+02    -9.603512868833020093e+02
9.420000000000000595e-01 -9.603728684722574371e+02    -9.603250368477417851e+02
9.440000000000000613e-01 -9.603455377709371987e+02    -9.603495021528195821e+02
9.460000000000000631e-01 -9.603816663198691685e+02    -9.603377529487249831e+02
9.480000000000000648e-01 -9.603722475043570057e+02    -9.603177691181344926e+02
9.500000000000000666e-01 -9.603903095854416279e+02    -9.603432651452718574e+02
9.520000000000000684e-01 -9.603905379608346493e+02    -9.603735603506592042e+02
9.540000000000000702e-01 -9.603984365397218426e+02    -9.603463233609926419e+02
9.560000000000000719e-01 -9.603985903615401867e+02    -9.603388848137218474e+02
9.580000000000000737e-01 -9.604236745637260810e+02    -9.603827685011456197e+02
9.600000000000000755e-01 -9.604226126690006140e+02    -9.603991494965508764e+02
9.620000000000000773e-01 -9.604180344049957512e+02    -9.603834480400512348e+02
9.640000000000000790e-01 -9.604463079034460407e+02    -9.604231338378289138e+02
9.660000000000000808e-01 -9.604586010387918122e+02    -9.603978413678967172e+02
9.680000000000000826e-01 -9.604608062767514411e+02    -9.604397783642413060e+02
9.700000000000000844e-01 -9.604806785779218217e+02    -9.604558584990251120e+02
9.720000000000000862e-01 -9.605001059077403625e+02    -9.604398734797006227e+02
9.740000000000000879e-01 -9.604988101026202685e+02    -9.604755060287818651e+02
9.760000000000000897e-01 -9.605391833765796719e+02    -9.604974822573266238e+02
9.780000000000000915e-01 -9.605266620444911041e+02    -9.605026753730435303e+02
9.800000000000000933e-01 -9.605424927051262785e+02    -9.605252576981670245e+02
9.820000000000000950e-01 -9.605775187695697923e+02    -9.605637101849322335e+02
9.840000000000000968e-01 -9.606027960891885868e+02    -9.605750358032851182e+02
9.860000000000000986e-01 -9.606174980909557917e+02    -9.605999173889949816e+02
9.880000000000001004e-01 -9.606486375982075288e+02    -9.606269392417375457e+02
9.900000000000001021e-01 -9.606649001248594004e+02    -9.606661657531755054e+02
9.920000000000001039e-01 -9.607084406309015776e+02    -9.606981988809785662e+02
9.940000000000001057e-01 -9.607441346511454867e+02    -9.607395290072754506e+02
9.960000000000001075e-01 -9.607923545973690125e+02    -9.607733977203977247e+02
9.980000000000001092e-01 -9.608321781472970997e+02    -9.608201826005434896e+02


