-1.567889908360499263e+01
-1.567519454905777820e+01
-1.475241426967336178e+00
-7.749311769785632853e-01
-6.330593130574270200e-01
-6.153427042783522483e-01
-6.153427042783518042e-01
1.657327503495213128e-01
1.657327503495218401e-01
4.262582491984016619e-01
5.607696814515975570e-01
5.612412592274942380e-01
5.612412592274969025e-01
6.731968511600874283e-01
7.333393291388988766e-01
7.333393291389026514e-01
9.293482515539736033e-01
1.047906669595587204e+00
1.047906669595590756e+00
1.100526879364552402e+00
1.348179023622614103e+00
1.348179023622616990e+00
1.515895729090150468e+00
1.515895729090152466e+00
1.931153613116140644e+00
1.942537767486111067e+00
1.942537767486115285e+00
2.267169856762106139e+00
3.165227257285099682e+00
3.165227257285100126e+00
3.307506421292517818e+00
3.517108743985922104e+00
3.517108743985922548e+00
3.751152408442020914e+00
3.831495580608111240e+00
3.831495580608111240e+00
3.954344112032237568e+00
3.954344112032244674e+00
3.995193603548460981e+00
3.995193603548464534e+00
4.402010987176951495e+00
4.453925881671748854e+00
4.453925881671749742e+00
4.773792484264057556e+00
4.773792484264062885e+00
4.875542544575631965e+00
4.875542544575633741e+00
4.909474212213298827e+00
4.909474212213308597e+00
5.046460697278899232e+00
5.327049370074317558e+00
5.327049370074320223e+00
5.431512339844070780e+00
5.431512339844071668e+00
5.546898427804998200e+00
6.208893111906173878e+00
6.895362648547880724e+00
6.895362648547882500e+00
7.073921661319709564e+00
1.700261812543577022e+01
