-1.578324287650478652e+01
-1.552295254216545750e+01
-1.563386504604879601e+00
-1.006376485201601945e+00
-1.006376485201601723e+00
-6.454290509631390726e-01
-5.794991222608711912e-01
4.021832832508420719e-01
4.021832832508630551e-01
4.282547507003010567e-01
4.526265552382366941e-01
4.526265552382431334e-01
5.077338790699145177e-01
7.510425386553177818e-01
9.545959476950501843e-01
9.545959476950579559e-01
1.077049610875618901e+00
1.077049610875622898e+00
1.123445629457728856e+00
1.645601149634473570e+00
1.645601149634474680e+00
1.672281966847455115e+00
1.672281966847455337e+00
1.730432456822691201e+00
1.751410646271844174e+00
2.065716526286628163e+00
2.065716526286790700e+00
2.737421893338008339e+00
2.737421893338012335e+00
3.443909452713461494e+00
3.834485135634742914e+00
3.851183646512239545e+00
3.851183646512240877e+00
4.026874845310620898e+00
4.026874845310623563e+00
4.081760260582727895e+00
4.081760260582842470e+00
4.406997367214586347e+00
4.510714547363031457e+00
4.510714547363036786e+00
4.544922522471758874e+00
4.544922522471772197e+00
4.827778143196215233e+00
4.992394001801248038e+00
4.992394001801254255e+00
5.088057562714105586e+00
5.088057562714107362e+00
5.144205831973305720e+00
5.144205831973354570e+00
5.410055929877428227e+00
6.160472315929804488e+00
7.066590791250616732e+00
7.066590791250618508e+00
7.313701162070548101e+00
7.313701162070556983e+00
8.317268699992190761e+00
9.229445329622212313e+00
9.229445329622324223e+00
1.082304921186814006e+01
3.137126311236874088e+01
