-1.582927554020410987e+01
-1.582917013532218675e+01
-1.050130583602617351e+00
-1.018994748435865461e+00
-3.900371701235778588e-01
-3.566293902242144154e-01
-3.566293902242109182e-01
-1.581809525161564645e-01
-1.581809525161537722e-01
-1.117729438657136393e-01
5.795107315700250838e-01
5.795107315700254169e-01
5.982846332955681357e-01
6.099440045670768695e-01
6.583038752691670048e-01
6.596915219197785341e-01
6.596915219197801994e-01
8.908777063164564636e-01
1.136025277200977568e+00
1.179407563440735496e+00
1.179407563440739493e+00
1.210637035305737630e+00
1.210637035305738074e+00
1.224646170666168876e+00
1.224646170666173095e+00
1.275181847250956180e+00
1.275181847250959288e+00
1.506245593419335282e+00
3.123396752690519307e+00
3.123396752690532630e+00
3.166077846645712679e+00
3.166077846645723781e+00
3.186405626702335070e+00
3.218831802238962148e+00
4.158772549140818953e+00
4.159453277055990661e+00
4.159453277055992437e+00
4.159646594524565977e+00
4.159646594524568641e+00
4.160485606009264536e+00
4.160485606009267201e+00
4.161007826522923558e+00
4.161007826522929776e+00
4.161324006368857908e+00
4.161324006368861461e+00
4.164280651191133664e+00
4.164280651191143434e+00
4.172710963086045055e+00
4.672670553282706862e+00
4.708164326719169068e+00
4.708164326719174397e+00
4.729692564480989070e+00
4.729692564480989070e+00
4.735414182624026580e+00
4.735414182624027468e+00
4.770511536376693229e+00
4.770511536376695005e+00
4.878827525803975718e+00
5.555363940723993643e+00
5.994588789952494778e+00
