2,3,-108.529801,-0.000018
2,4,-108.529782,0.000000
2,5,-108.584818,-0.000045
2,8,-108.582283,-0.002031
2,9,-108.533119,-0.003337
2,10,-108.529855,-0.000073
2,11,-108.530617,-0.000111
2,12,-108.530251,-0.000338
2,13,-108.530040,-0.000258
2,14,-108.538648,-0.000207
2,15,-108.529877,-0.000094
2,16,-108.530432,-0.000650
2,17,-108.529990,-0.000208
2,18,-108.530233,-0.000353
2,19,-108.530166,-0.000262
2,20,-108.530343,-0.000560
2,21,-108.531282,-0.001500
2,22,-108.531296,-0.001514
2,23,-108.529875,-0.000093
2,24,-108.531147,-0.001365
2,25,-108.529864,-0.000073
2,26,-108.529979,-0.000082
2,27,-108.529851,-0.000069
2,28,-108.529850,-0.000067
2,29,-108.529840,-0.000054
2,30,-108.529852,-0.000035
2,31,-108.529814,-0.000026
2,32,-108.530077,-0.000030
2,33,-108.529812,-0.000030
2,34,-108.529870,-0.000053
2,35,-108.529833,-0.000050
2,36,-108.529920,-0.000138
2,37,-108.529825,-0.000042
2,38,-108.529846,-0.000064
2,39,-108.529860,-0.000030
2,40,-108.529825,-0.000030
2,41,-108.529867,-0.000029
2,42,-108.529820,-0.000029
2,43,-108.529856,-0.000073
2,44,-108.529822,-0.000040
2,45,-108.529857,-0.000074
2,46,-108.529861,-0.000079
2,47,-108.529883,-0.000100
2,48,-108.529920,-0.000137
2,49,-108.530188,-0.000406
3,4,-108.529790,-0.000008
3,5,-108.585769,-0.000995
3,8,-108.586260,-0.006008
3,9,-108.534580,-0.004798
3,10,-108.530259,-0.000477
3,11,-108.530668,-0.000163
3,12,-108.530452,-0.000540
3,13,-108.530272,-0.000490
3,14,-108.538686,-0.000245
3,15,-108.529909,-0.000126
3,16,-108.529865,-0.000083
3,17,-108.530074,-0.000292
3,18,-108.530171,-0.000292
3,19,-108.530036,-0.000132
3,20,-108.531553,-0.001771
3,21,-108.529929,-0.000147
3,22,-108.530280,-0.000498
3,23,-108.531364,-0.001581
3,24,-108.530083,-0.000301
3,25,-108.529931,-0.000139
3,26,-108.530085,-0.000187
3,27,-108.530426,-0.000644
3,28,-108.529827,-0.000045
3,29,-108.529825,-0.000038
3,30,-108.529853,-0.000036
3,31,-108.529827,-0.000038
3,32,-108.530098,-0.000052
3,33,-108.529878,-0.000096
3,34,-108.529862,-0.000045
3,35,-108.529828,-0.000044
3,36,-108.529818,-0.000036
3,37,-108.529846,-0.000064
3,38,-108.529825,-0.000042
3,39,-108.529869,-0.000038
3,40,-108.529833,-0.000038
3,41,-108.529877,-0.000039
3,42,-108.529830,-0.000039
3,43,-108.529817,-0.000035
3,44,-108.529826,-0.000043
3,45,-108.529815,-0.000032
3,46,-108.529821,-0.000038
3,47,-108.529986,-0.000203
3,48,-108.530289,-0.000507
3,49,-108.529859,-0.000077
4,5,-108.584980,-0.000207
4,8,-108.582958,-0.002706
4,9,-108.565594,-0.035812
4,10,-108.531676,-0.001893
4,11,-108.530537,-0.000031
4,12,-108.529994,-0.000082
4,13,-108.530750,-0.000968
4,14,-108.538469,-0.000028
4,15,-108.529806,-0.000023
4,16,-108.530115,-0.000333
4,17,-108.529867,-0.000085
4,18,-108.530782,-0.000903
4,19,-108.530784,-0.000880
4,20,-108.529805,-0.000022
4,21,-108.529938,-0.000156
4,22,-108.529902,-0.000120
4,23,-108.529796,-0.000014
4,24,-108.531185,-0.001402
4,25,-108.530078,-0.000286
4,26,-108.530317,-0.000419
4,27,-108.530165,-0.000383
4,28,-108.530361,-0.000579
4,29,-108.529815,-0.000028
4,30,-108.529838,-0.000020
4,31,-108.529797,-0.000009
4,32,-108.530055,-0.000009
4,33,-108.530042,-0.000260
4,34,-108.530017,-0.000200
4,35,-108.529898,-0.000114
4,36,-108.530000,-0.000217
4,37,-108.529856,-0.000073
4,38,-108.530019,-0.000237
4,39,-108.529833,-0.000003
4,40,-108.529798,-0.000003
4,41,-108.529840,-0.000002
4,42,-108.529793,-0.000002
4,43,-108.529871,-0.000089
4,44,-108.529812,-0.000030
4,45,-108.529866,-0.000083
4,46,-108.529870,-0.000087
4,47,-108.529979,-0.000197
4,48,-108.529791,-0.000009
4,49,-108.529806,-0.000024
5,8,-108.708218,-0.072975
5,9,-108.586225,-0.001452
5,10,-108.584797,-0.000024
5,11,-108.588797,-0.003300
5,12,-108.586916,-0.002013
5,13,-108.584822,-0.000049
5,14,-108.593768,-0.000336
5,15,-108.587727,-0.002953
5,16,-108.585227,-0.000454
5,17,-108.584885,-0.000112
5,18,-108.585927,-0.001057
5,19,-108.585976,-0.001081
5,20,-108.585612,-0.000839
5,21,-108.585605,-0.000832
5,22,-108.585119,-0.000346
5,23,-108.585107,-0.000334
5,24,-108.584888,-0.000115
5,25,-108.585046,-0.000263
5,26,-108.585082,-0.000193
5,27,-108.584797,-0.000023
5,28,-108.584782,-0.000008
5,29,-108.585165,-0.000388
5,30,-108.585024,-0.000216
5,31,-108.585286,-0.000506
5,32,-108.585046,-0.000008
5,33,-108.584793,-0.000020
5,34,-108.584852,-0.000044
5,35,-108.584815,-0.000040
5,36,-108.584816,-0.000042
5,37,-108.584821,-0.000048
5,38,-108.584808,-0.000034
5,39,-108.584854,-0.000033
5,40,-108.584882,-0.000096
5,41,-108.585026,-0.000197
5,42,-108.585155,-0.000374
5,43,-108.584813,-0.000040
5,44,-108.584813,-0.000039
5,45,-108.584863,-0.000089
5,46,-108.584796,-0.000022
5,47,-108.584789,-0.000016
5,48,-108.584899,-0.000125
5,49,-108.584897,-0.000124
8,9,-108.580362,-0.000110
8,10,-108.580253,-0.000000
8,11,-108.580464,0.000511
8,12,-108.583512,-0.003130
8,13,-108.580254,-0.000001
8,14,-108.581938,0.006973
8,15,-108.592052,-0.011799
8,16,-108.580386,-0.000134
8,17,-108.580255,-0.000003
8,18,-108.581363,-0.001014
8,19,-108.580288,0.000086
8,20,-108.580403,-0.000151
8,21,-108.580395,-0.000143
8,22,-108.580263,-0.000011
8,23,-108.580262,-0.000010
8,24,-108.580262,-0.000010
8,25,-108.580352,-0.000091
8,26,-108.580266,0.000101
8,27,-108.580254,-0.000001
8,28,-108.580253,-0.000001
8,29,-108.580449,-0.000193
8,30,-108.580256,0.000031
8,31,-108.580798,-0.000540
8,32,-108.580260,0.000256
8,33,-108.580254,-0.000002
8,34,-108.580294,-0.000007
8,35,-108.580253,0.000000
8,36,-108.580258,-0.000006
8,37,-108.580258,-0.000006
8,38,-108.580255,-0.000003
8,39,-108.580275,0.000025
8,40,-108.580263,0.000002
8,41,-108.580303,0.000005
8,42,-108.580268,-0.000007
8,43,-108.580256,-0.000004
8,44,-108.580256,-0.000004
8,45,-108.580274,-0.000021
8,46,-108.580252,-0.000000
8,47,-108.580254,-0.000001
8,48,-108.580263,-0.000011
8,49,-108.580262,-0.000010
9,10,-108.529782,-0.000000
9,11,-108.530506,-0.000000
9,12,-108.529912,-0.000000
9,13,-108.529782,-0.000000
9,14,-108.538441,-0.000000
9,15,-108.529783,-0.000000
9,16,-108.529784,-0.000002
9,17,-108.529782,-0.000000
9,18,-108.529879,-0.000000
9,19,-108.529904,-0.000000
9,20,-108.529791,-0.000009
9,21,-108.529783,-0.000000
9,22,-108.529782,-0.000000
9,23,-108.529782,-0.000000
9,24,-108.529783,-0.000001
9,25,-108.529792,-0.000000
9,26,-108.529898,-0.000000
9,27,-108.529782,-0.000000
9,28,-108.529782,-0.000000
9,29,-108.529786,-0.000000
9,30,-108.529817,-0.000000
9,31,-108.529788,-0.000000
9,32,-108.530046,-0.000000
9,33,-108.529782,-0.000000
9,34,-108.529817,-0.000000
9,35,-108.529784,-0.000000
9,36,-108.529782,-0.000000
9,37,-108.529785,-0.000003
9,38,-108.529782,-0.000000
9,39,-108.529830,-0.000000
9,40,-108.529795,-0.000000
9,41,-108.529838,-0.000000
9,42,-108.529791,-0.000000
9,43,-108.529782,-0.000000
9,44,-108.529782,-0.000000
9,45,-108.529783,-0.000000
9,46,-108.529782,-0.000000
9,47,-108.529782,-0.000000
9,48,-108.529783,-0.000000
9,49,-108.529782,-0.000000
10,11,-108.530506,-0.000000
10,12,-108.529912,-0.000000
10,13,-108.529782,-0.000000
10,14,-108.538441,-0.000000
10,15,-108.529783,-0.000000
10,16,-108.529783,-0.000000
10,17,-108.529782,-0.000000
10,18,-108.529879,-0.000000
10,19,-108.529904,-0.000000
10,20,-108.529784,-0.000002
10,21,-108.529782,-0.000000
10,22,-108.529782,-0.000000
10,23,-108.529782,-0.000000
10,24,-108.529782,-0.000000
10,25,-108.529792,-0.000000
10,26,-108.529898,-0.000000
10,27,-108.529782,-0.000000
10,28,-108.529782,-0.000000
10,29,-108.529786,-0.000000
10,30,-108.529817,-0.000000
10,31,-108.529788,-0.000000
10,32,-108.530046,-0.000000
10,33,-108.529782,-0.000000
10,34,-108.529817,-0.000000
10,35,-108.529784,-0.000000
10,36,-108.529782,-0.000000
10,37,-108.529782,-0.000000
10,38,-108.529782,-0.000000
10,39,-108.529830,-0.000000
10,40,-108.529795,-0.000000
10,41,-108.529838,-0.000000
10,42,-108.529791,-0.000000
10,43,-108.529782,-0.000000
10,44,-108.529782,-0.000000
10,45,-108.529783,-0.000000
10,46,-108.529782,-0.000000
10,47,-108.529782,-0.000000
10,48,-108.529782,-0.000000
10,49,-108.529782,-0.000000
11,12,-108.530637,-0.000001
11,13,-108.530506,-0.000000
11,14,-108.539369,-0.000205
11,15,-108.531133,-0.000626
11,16,-108.530506,-0.000000
11,17,-108.530506,-0.000000
11,18,-108.530601,0.000002
11,19,-108.530645,-0.000018
11,20,-108.530506,-0.000000
11,21,-108.530506,-0.000000
11,22,-108.530506,-0.000000
11,23,-108.530506,-0.000000
11,24,-108.530506,-0.000000
11,25,-108.530515,-0.000000
11,26,-108.530620,0.000001
11,27,-108.530506,-0.000000
11,28,-108.530506,-0.000000
11,29,-108.530509,0.000000
11,30,-108.530559,-0.000019
11,31,-108.530642,-0.000130
11,32,-108.530775,-0.000005
11,33,-108.530506,-0.000000
11,34,-108.530540,-0.000000
11,35,-108.530507,0.000000
11,36,-108.530506,-0.000000
11,37,-108.530506,-0.000000
11,38,-108.530506,-0.000000
11,39,-108.530553,0.000001
11,40,-108.530519,-0.000000
11,41,-108.530561,-0.000000
11,42,-108.530514,-0.000000
11,43,-108.530506,-0.000000
11,44,-108.530506,-0.000000
11,45,-108.530507,-0.000000
11,46,-108.530506,0.000000
11,47,-108.530506,-0.000000
11,48,-108.530506,-0.000000
11,49,-108.530506,-0.000000
12,13,-108.529912,-0.000000
12,14,-108.539033,-0.000462
12,15,-108.529923,-0.000010
12,16,-108.529912,-0.000000
12,17,-108.529912,0.000000
12,18,-108.530005,0.000005
12,19,-108.530034,-0.000000
12,20,-108.529912,-0.000000
12,21,-108.529912,0.000000
12,22,-108.529912,-0.000000
12,23,-108.529912,-0.000000
12,24,-108.529912,-0.000000
12,25,-108.529922,-0.000000
12,26,-108.530028,-0.000001
12,27,-108.529912,-0.000000
12,28,-108.529912,-0.000000
12,29,-108.529915,0.000001
12,30,-108.529947,0.000000
12,31,-108.529920,-0.000002
12,32,-108.530312,-0.000136
12,33,-108.529912,-0.000000
12,34,-108.529947,0.000000
12,35,-108.529914,-0.000000
12,36,-108.529912,-0.000000
12,37,-108.529912,-0.000000
12,38,-108.529912,-0.000000
12,39,-108.529960,-0.000000
12,40,-108.529925,-0.000000
12,41,-108.529968,-0.000000
12,42,-108.529921,-0.000000
12,43,-108.529912,-0.000000
12,44,-108.529912,-0.000000
12,45,-108.529913,-0.000000
12,46,-108.529912,-0.000000
12,47,-108.529912,-0.000000
12,48,-108.529912,-0.000000
12,49,-108.529912,-0.000000
13,14,-108.538441,-0.000000
13,15,-108.529783,-0.000000
13,16,-108.529782,-0.000000
13,17,-108.529782,-0.000000
13,18,-108.529879,-0.000000
13,19,-108.529904,-0.000000
13,20,-108.529782,-0.000000
13,21,-108.529782,-0.000000
13,22,-108.529783,-0.000001
13,23,-108.529782,-0.000000
13,24,-108.529782,-0.000000
13,25,-108.529792,-0.000000
13,26,-108.529898,-0.000000
13,27,-108.529782,-0.000000
13,28,-108.529782,-0.000000
13,29,-108.529786,-0.000000
13,30,-108.529817,-0.000000
13,31,-108.529788,-0.000000
13,32,-108.530046,-0.000000
13,33,-108.529782,-0.000000
13,34,-108.529817,-0.000000
13,35,-108.529784,-0.000000
13,36,-108.529782,-0.000000
13,37,-108.529782,-0.000000
13,38,-108.529782,-0.000000
13,39,-108.529830,-0.000000
13,40,-108.529795,-0.000000
13,41,-108.529838,-0.000000
13,42,-108.529791,-0.000000
13,43,-108.529782,-0.000000
13,44,-108.529782,-0.000000
13,45,-108.529783,-0.000000
13,46,-108.529782,-0.000000
13,47,-108.529782,-0.000000
13,48,-108.529782,-0.000000
13,49,-108.529782,-0.000000
14,15,-108.538444,-0.000002
14,16,-108.538441,-0.000000
14,17,-108.538441,-0.000000
14,18,-108.538538,0.000000
14,19,-108.538565,-0.000002
14,20,-108.538441,-0.000000
14,21,-108.538441,-0.000000
14,22,-108.538441,-0.000000
14,23,-108.538441,-0.000000
14,24,-108.538441,-0.000000
14,25,-108.538452,-0.000002
14,26,-108.538577,-0.000021
14,27,-108.538441,-0.000000
14,28,-108.538441,-0.000000
14,29,-108.538546,-0.000101
14,30,-108.538497,-0.000021
14,31,-108.538452,-0.000005
14,32,-108.538810,-0.000105
14,33,-108.538441,-0.000000
14,34,-108.538485,-0.000010
14,35,-108.538443,-0.000000
14,36,-108.538441,-0.000000
14,37,-108.538441,-0.000000
14,38,-108.538441,-0.000000
14,39,-108.538488,0.000001
14,40,-108.538454,-0.000000
14,41,-108.538496,0.000001
14,42,-108.538450,-0.000000
14,43,-108.538441,-0.000000
14,44,-108.538441,-0.000000
14,45,-108.538442,0.000000
14,46,-108.538441,-0.000000
14,47,-108.538441,-0.000000
14,48,-108.538441,-0.000000
14,49,-108.538441,-0.000000
15,16,-108.529783,-0.000000
15,17,-108.529783,-0.000000
15,18,-108.529881,-0.000001
15,19,-108.529942,-0.000037
15,20,-108.529783,-0.000000
15,21,-108.529783,-0.000000
15,22,-108.529783,-0.000000
15,23,-108.529783,-0.000000
15,24,-108.529783,-0.000000
15,25,-108.529793,-0.000000
15,26,-108.529898,0.000000
15,27,-108.529783,-0.000000
15,28,-108.529783,-0.000000
15,29,-108.529794,-0.000007
15,30,-108.529961,-0.000143
15,31,-108.529789,-0.000000
15,32,-108.530047,0.000000
15,33,-108.529783,-0.000000
15,34,-108.529818,-0.000000
15,35,-108.529785,-0.000000
15,36,-108.529783,-0.000000
15,37,-108.529783,-0.000000
15,38,-108.529783,-0.000000
15,39,-108.529831,-0.000000
15,40,-108.529796,-0.000000
15,41,-108.529839,-0.000000
15,42,-108.529791,-0.000000
15,43,-108.529783,-0.000000
15,44,-108.529783,-0.000000
15,45,-108.529784,0.000000
15,46,-108.529783,0.000000
15,47,-108.529783,-0.000000
15,48,-108.529783,-0.000000
15,49,-108.529783,-0.000000
16,17,-108.529785,-0.000003
16,18,-108.529879,-0.000000
16,19,-108.529904,-0.000000
16,20,-108.529782,-0.000000
16,21,-108.529782,-0.000000
16,22,-108.529827,-0.000045
16,23,-108.529783,-0.000000
16,24,-108.529782,-0.000000
16,25,-108.529792,-0.000000
16,26,-108.529898,-0.000000
16,27,-108.529782,-0.000000
16,28,-108.529782,-0.000000
16,29,-108.529786,-0.000000
16,30,-108.529817,-0.000000
16,31,-108.529788,-0.000000
16,32,-108.530046,-0.000000
16,33,-108.529782,-0.000000
16,34,-108.529817,-0.000000
16,35,-108.529784,-0.000000
16,36,-108.529782,-0.000000
16,37,-108.529782,-0.000000
16,38,-108.529782,-0.000000
16,39,-108.529830,-0.000000
16,40,-108.529795,-0.000000
16,41,-108.529838,-0.000000
16,42,-108.529791,-0.000000
16,43,-108.529784,-0.000001
16,44,-108.529782,-0.000000
16,45,-108.529783,-0.000000
16,46,-108.529782,-0.000000
16,47,-108.529782,-0.000000
16,48,-108.529782,-0.000000
16,49,-108.529782,-0.000000
17,18,-108.529879,-0.000000
17,19,-108.529904,-0.000000
17,20,-108.529790,-0.000008
17,21,-108.529782,-0.000000
17,22,-108.529782,-0.000000
17,23,-108.529782,-0.000000
17,24,-108.529782,-0.000000
17,25,-108.529792,-0.000000
17,26,-108.529898,-0.000000
17,27,-108.529782,-0.000000
17,28,-108.529782,-0.000000
17,29,-108.529786,-0.000000
17,30,-108.529817,-0.000000
17,31,-108.529788,-0.000000
17,32,-108.530046,-0.000000
17,33,-108.529782,-0.000000
17,34,-108.529817,-0.000000
17,35,-108.529784,-0.000000
17,36,-108.529782,-0.000000
17,37,-108.529783,-0.000001
17,38,-108.529782,-0.000000
17,39,-108.529830,-0.000000
17,40,-108.529795,-0.000000
17,41,-108.529838,-0.000000
17,42,-108.529791,-0.000000
17,43,-108.529782,-0.000000
17,44,-108.529782,-0.000000
17,45,-108.529783,-0.000000
17,46,-108.529782,-0.000000
17,47,-108.529782,-0.000000
17,48,-108.529782,-0.000000
17,49,-108.529782,-0.000000
18,19,-108.530001,0.000001
18,20,-108.529879,-0.000000
18,21,-108.529879,-0.000000
18,22,-108.529879,-0.000000
18,23,-108.529879,-0.000000
18,24,-108.529879,-0.000000
18,25,-108.529894,-0.000005
18,26,-108.530167,-0.000173
18,27,-108.529879,-0.000000
18,28,-108.529879,-0.000000
18,29,-108.529884,-0.000000
18,30,-108.529914,-0.000000
18,31,-108.529885,-0.000000
18,32,-108.530148,-0.000004
18,33,-108.529879,-0.000000
18,34,-108.529913,0.000002
18,35,-108.529881,-0.000000
18,36,-108.529879,-0.000000
18,37,-108.529879,-0.000000
18,38,-108.529879,-0.000000
18,39,-108.529928,-0.000000
18,40,-108.529892,0.000000
18,41,-108.529935,-0.000000
18,42,-108.529888,-0.000000
18,43,-108.529879,-0.000000
18,44,-108.529879,-0.000000
18,45,-108.529880,-0.000000
18,46,-108.529898,-0.000018
18,47,-108.529879,-0.000000
18,48,-108.529879,-0.000000
18,49,-108.529879,-0.000000
19,20,-108.529904,-0.000000
19,21,-108.529904,-0.000000
19,22,-108.529904,-0.000000
19,23,-108.529904,-0.000000
19,24,-108.529904,-0.000000
19,25,-108.529959,-0.000045
19,26,-108.530017,0.000002
19,27,-108.529904,-0.000000
19,28,-108.529904,-0.000000
19,29,-108.529908,0.000000
19,30,-108.529941,-0.000002
19,31,-108.529915,-0.000004
19,32,-108.530168,-0.000000
19,33,-108.529904,-0.000000
19,34,-108.529939,-0.000000
19,35,-108.529906,-0.000000
19,36,-108.529904,-0.000000
19,37,-108.529904,-0.000000
19,38,-108.529904,-0.000000
19,39,-108.529952,0.000000
19,40,-108.529917,0.000000
19,41,-108.529960,0.000000
19,42,-108.529913,-0.000001
19,43,-108.529904,-0.000000
19,44,-108.529904,-0.000000
19,45,-108.529912,-0.000007
19,46,-108.529904,-0.000000
19,47,-108.529904,-0.000000
19,48,-108.529904,-0.000000
19,49,-108.529904,-0.000000
20,21,-108.529782,-0.000000
20,22,-108.529846,-0.000064
20,23,-108.530276,-0.000493
20,24,-108.529782,-0.000000
20,25,-108.529792,-0.000000
20,26,-108.529898,-0.000000
20,27,-108.529783,-0.000001
20,28,-108.529782,-0.000000
20,29,-108.529786,-0.000000
20,30,-108.529817,-0.000000
20,31,-108.529788,-0.000000
20,32,-108.530046,-0.000000
20,33,-108.529782,-0.000000
20,34,-108.529817,-0.000000
20,35,-108.529784,-0.000000
20,36,-108.529782,-0.000000
20,37,-108.529782,-0.000000
20,38,-108.529782,-0.000000
20,39,-108.529830,-0.000000
20,40,-108.529795,-0.000000
20,41,-108.529838,-0.000000
20,42,-108.529791,-0.000000
20,43,-108.529783,-0.000000
20,44,-108.529787,-0.000005
20,45,-108.529783,-0.000000
20,46,-108.529782,-0.000000
20,47,-108.529783,-0.000001
20,48,-108.529782,-0.000000
20,49,-108.529782,-0.000000
21,22,-108.530266,-0.000484
21,23,-108.529846,-0.000064
21,24,-108.529782,-0.000000
21,25,-108.529792,-0.000000
21,26,-108.529898,-0.000000
21,27,-108.529782,-0.000000
21,28,-108.529782,-0.000000
21,29,-108.529786,-0.000000
21,30,-108.529817,-0.000000
21,31,-108.529788,-0.000000
21,32,-108.530046,-0.000000
21,33,-108.529782,-0.000000
21,34,-108.529817,-0.000000
21,35,-108.529784,-0.000000
21,36,-108.529782,-0.000000
21,37,-108.529782,-0.000000
21,38,-108.529782,-0.000000
21,39,-108.529830,-0.000000
21,40,-108.529795,-0.000000
21,41,-108.529838,-0.000000
21,42,-108.529791,-0.000000
21,43,-108.529787,-0.000005
21,44,-108.529783,-0.000000
21,45,-108.529783,-0.000000
21,46,-108.529782,-0.000000
21,47,-108.529782,-0.000000
21,48,-108.529782,-0.000000
21,49,-108.529782,-0.000000
22,23,-108.529782,-0.000000
22,24,-108.529784,-0.000002
22,25,-108.529792,-0.000000
22,26,-108.529898,-0.000000
22,27,-108.529782,-0.000000
22,28,-108.529782,-0.000000
22,29,-108.529786,-0.000000
22,30,-108.529817,-0.000000
22,31,-108.529788,-0.000000
22,32,-108.530046,-0.000000
22,33,-108.529782,-0.000000
22,34,-108.529817,-0.000000
22,35,-108.529784,-0.000000
22,36,-108.529784,-0.000001
22,37,-108.529783,-0.000000
22,38,-108.529785,-0.000003
22,39,-108.529830,-0.000000
22,40,-108.529795,-0.000000
22,41,-108.529838,-0.000000
22,42,-108.529791,-0.000000
22,43,-108.529782,-0.000000
22,44,-108.529782,-0.000000
22,45,-108.529783,-0.000000
22,46,-108.529782,-0.000000
22,47,-108.529782,-0.000000
22,48,-108.529783,-0.000001
22,49,-108.529867,-0.000085
23,24,-108.529782,-0.000000
23,25,-108.529792,-0.000000
23,26,-108.529898,-0.000000
23,27,-108.529782,-0.000000
23,28,-108.529782,-0.000000
23,29,-108.529786,-0.000000
23,30,-108.529817,-0.000000
23,31,-108.529788,-0.000000
23,32,-108.530046,-0.000000
23,33,-108.529782,-0.000000
23,34,-108.529817,-0.000000
23,35,-108.529784,-0.000000
23,36,-108.529782,-0.000000
23,37,-108.529784,-0.000002
23,38,-108.529783,-0.000000
23,39,-108.529830,-0.000000
23,40,-108.529795,-0.000000
23,41,-108.529838,-0.000000
23,42,-108.529791,-0.000000
23,43,-108.529782,-0.000000
23,44,-108.529782,-0.000000
23,45,-108.529783,-0.000000
23,46,-108.529782,-0.000000
23,47,-108.529782,-0.000000
23,48,-108.529867,-0.000085
23,49,-108.529783,-0.000001
24,25,-108.529792,-0.000000
24,26,-108.529898,-0.000000
24,27,-108.529782,-0.000000
24,28,-108.529782,-0.000000
24,29,-108.529786,-0.000000
24,30,-108.529817,-0.000000
24,31,-108.529788,-0.000000
24,32,-108.530046,-0.000000
24,33,-108.529782,-0.000000
24,34,-108.529817,-0.000000
24,35,-108.529784,-0.000000
24,36,-108.529782,-0.000000
24,37,-108.529782,-0.000000
24,38,-108.529782,-0.000000
24,39,-108.529830,-0.000000
24,40,-108.529795,-0.000000
24,41,-108.529838,-0.000000
24,42,-108.529791,-0.000000
24,43,-108.529784,-0.000002
24,44,-108.529782,-0.000000
24,45,-108.529783,-0.000000
24,46,-108.529782,-0.000000
24,47,-108.529782,-0.000000
24,48,-108.529782,-0.000000
24,49,-108.529782,-0.000000
25,26,-108.529907,-0.000000
25,27,-108.529792,-0.000000
25,28,-108.529792,-0.000000
25,29,-108.529796,-0.000000
25,30,-108.529828,-0.000002
25,31,-108.529798,0.000000
25,32,-108.530056,0.000000
25,33,-108.529792,-0.000000
25,34,-108.529827,-0.000000
25,35,-108.529798,-0.000005
25,36,-108.529792,-0.000000
25,37,-108.529792,-0.000000
25,38,-108.529792,-0.000000
25,39,-108.529840,0.000000
25,40,-108.529804,0.000000
25,41,-108.529848,-0.000000
25,42,-108.529800,-0.000000
25,43,-108.529792,-0.000000
25,44,-108.529792,-0.000000
25,45,-108.529792,0.000000
25,46,-108.529792,-0.000000
25,47,-108.529792,-0.000000
25,48,-108.529792,-0.000000
25,49,-108.529792,-0.000000
26,27,-108.529898,-0.000000
26,28,-108.529898,-0.000000
26,29,-108.529901,0.000000
26,30,-108.529933,-0.000001
26,31,-108.529904,-0.000000
26,32,-108.530160,0.000002
26,33,-108.529898,-0.000000
26,34,-108.529932,-0.000000
26,35,-108.529899,-0.000000
26,36,-108.529898,-0.000000
26,37,-108.529898,-0.000000
26,38,-108.529898,-0.000000
26,39,-108.529946,-0.000000
26,40,-108.529910,0.000000
26,41,-108.529953,0.000000
26,42,-108.529906,-0.000000
26,43,-108.529898,-0.000000
26,44,-108.529898,-0.000000
26,45,-108.529898,-0.000000
26,46,-108.529898,-0.000000
26,47,-108.529898,-0.000000
26,48,-108.529898,-0.000000
26,49,-108.529898,-0.000000
27,28,-108.529782,-0.000000
27,29,-108.529786,-0.000000
27,30,-108.529817,-0.000000
27,31,-108.529788,-0.000000
27,32,-108.530046,-0.000000
27,33,-108.529782,-0.000000
27,34,-108.529817,-0.000000
27,35,-108.529784,-0.000000
27,36,-108.529782,-0.000000
27,37,-108.529783,-0.000000
27,38,-108.529782,-0.000000
27,39,-108.529830,-0.000000
27,40,-108.529795,-0.000000
27,41,-108.529838,-0.000000
27,42,-108.529791,-0.000000
27,43,-108.529782,-0.000000
27,44,-108.529782,-0.000000
27,45,-108.529783,-0.000000
27,46,-108.529782,-0.000000
27,47,-108.529782,-0.000000
27,48,-108.529782,-0.000000
27,49,-108.529782,-0.000000
28,29,-108.529786,-0.000000
28,30,-108.529817,-0.000000
28,31,-108.529788,-0.000000
28,32,-108.530046,0.000000
28,33,-108.529782,-0.000000
28,34,-108.529817,0.000000
28,35,-108.529784,-0.000000
28,36,-108.529782,-0.000000
28,37,-108.529782,0.000000
28,38,-108.529782,-0.000000
28,39,-108.529830,-0.000000
28,40,-108.529795,-0.000000
28,41,-108.529838,-0.000000
28,42,-108.529791,-0.000000
28,43,-108.529782,-0.000000
28,44,-108.529782,-0.000000
28,45,-108.529783,-0.000000
28,46,-108.529782,-0.000000
28,47,-108.529782,-0.000000
28,48,-108.529782,-0.000000
28,49,-108.529782,-0.000000
29,30,-108.529821,0.000000
29,31,-108.529792,0.000000
29,32,-108.530181,-0.000131
29,33,-108.529786,-0.000000
29,34,-108.529821,-0.000000
29,35,-108.529788,-0.000000
29,36,-108.529786,-0.000000
29,37,-108.529786,-0.000000
29,38,-108.529786,-0.000000
29,39,-108.529834,-0.000000
29,40,-108.529799,-0.000000
29,41,-108.529842,-0.000000
29,42,-108.529795,-0.000000
29,43,-108.529786,-0.000000
29,44,-108.529786,-0.000000
29,45,-108.529787,-0.000000
29,46,-108.529788,-0.000002
29,47,-108.529786,-0.000000
29,48,-108.529786,-0.000000
29,49,-108.529786,-0.000000
30,31,-108.529950,-0.000127
30,32,-108.530085,-0.000003
30,33,-108.529817,-0.000000
30,34,-108.529852,0.000000
30,35,-108.529819,0.000000
30,36,-108.529817,-0.000000
30,37,-108.529817,-0.000000
30,38,-108.529817,-0.000000
30,39,-108.529865,-0.000000
30,40,-108.529830,0.000000
30,41,-108.529873,-0.000000
30,42,-108.529826,0.000000
30,43,-108.529817,-0.000000
30,44,-108.529817,-0.000000
30,45,-108.529818,-0.000000
30,46,-108.529817,-0.000000
30,47,-108.529817,-0.000000
30,48,-108.529817,-0.000000
30,49,-108.529817,-0.000000
31,32,-108.530053,-0.000000
31,33,-108.529788,-0.000000
31,34,-108.529823,0.000000
31,35,-108.529793,-0.000003
31,36,-108.529788,-0.000000
31,37,-108.529788,-0.000000
31,38,-108.529788,-0.000000
31,39,-108.529836,-0.000000
31,40,-108.529801,0.000000
31,41,-108.529844,0.000000
31,42,-108.529797,0.000000
31,43,-108.529788,-0.000000
31,44,-108.529788,-0.000000
31,45,-108.529789,-0.000000
31,46,-108.529788,-0.000000
31,47,-108.529788,-0.000000
31,48,-108.529788,-0.000000
31,49,-108.529788,-0.000000
32,33,-108.530046,-0.000000
32,34,-108.530085,-0.000004
32,35,-108.530048,0.000000
32,36,-108.530046,-0.000000
32,37,-108.530046,0.000000
32,38,-108.530046,-0.000000
32,39,-108.530095,-0.000000
32,40,-108.530059,-0.000000
32,41,-108.530102,-0.000000
32,42,-108.530055,0.000000
32,43,-108.530046,-0.000000
32,44,-108.530046,-0.000000
32,45,-108.530047,0.000000
32,46,-108.530046,0.000000
32,47,-108.530046,-0.000000
32,48,-108.530046,-0.000000
32,49,-108.530046,-0.000000
33,34,-108.529817,0.000000
33,35,-108.529784,-0.000000
33,36,-108.529782,-0.000000
33,37,-108.529782,-0.000000
33,38,-108.529782,-0.000000
33,39,-108.529830,-0.000000
33,40,-108.529795,-0.000000
33,41,-108.529838,-0.000000
33,42,-108.529791,-0.000000
33,43,-108.529782,-0.000000
33,44,-108.529782,-0.000000
33,45,-108.529783,0.000000
33,46,-108.529782,-0.000000
33,47,-108.529782,-0.000000
33,48,-108.529783,-0.000000
33,49,-108.529782,-0.000000
34,35,-108.529819,-0.000000
34,36,-108.529817,-0.000000
34,37,-108.529817,-0.000000
34,38,-108.529817,-0.000000
34,39,-108.529865,-0.000000
34,40,-108.529830,-0.000000
34,41,-108.529873,-0.000000
34,42,-108.529825,0.000000
34,43,-108.529817,0.000000
34,44,-108.529817,0.000000
34,45,-108.529818,-0.000000
34,46,-108.529822,-0.000005
34,47,-108.529817,-0.000000
34,48,-108.529817,-0.000000
34,49,-108.529817,-0.000000
35,36,-108.529784,0.000000
35,37,-108.529784,-0.000000
35,38,-108.529784,-0.000000
35,39,-108.529832,0.000000
35,40,-108.529797,-0.000000
35,41,-108.529840,-0.000000
35,42,-108.529792,-0.000000
35,43,-108.529784,-0.000000
35,44,-108.529784,-0.000000
35,45,-108.529785,-0.000001
35,46,-108.529784,-0.000000
35,47,-108.529784,-0.000000
35,48,-108.529784,-0.000000
35,49,-108.529784,-0.000000
36,37,-108.529782,-0.000000
36,38,-108.529782,-0.000000
36,39,-108.529830,0.000000
36,40,-108.529795,-0.000000
36,41,-108.529838,-0.000000
36,42,-108.529791,0.000000
36,43,-108.529784,-0.000001
36,44,-108.529782,-0.000000
36,45,-108.529783,-0.000000
36,46,-108.529782,-0.000000
36,47,-108.529782,-0.000000
36,48,-108.529782,0.000000
36,49,-108.529782,-0.000000
37,38,-108.529782,-0.000000
37,39,-108.529830,-0.000000
37,40,-108.529795,-0.000000
37,41,-108.529838,-0.000000
37,42,-108.529791,-0.000000
37,43,-108.529783,-0.000000
37,44,-108.529801,-0.000019
37,45,-108.529783,0.000000
37,46,-108.529782,-0.000000
37,47,-108.529783,-0.000001
37,48,-108.529782,0.000000
37,49,-108.529782,-0.000000
38,39,-108.529830,-0.000000
38,40,-108.529795,-0.000000
38,41,-108.529838,-0.000000
38,42,-108.529791,-0.000000
38,43,-108.529800,-0.000018
38,44,-108.529783,-0.000000
38,45,-108.529783,0.000000
38,46,-108.529782,-0.000000
38,47,-108.529782,-0.000000
38,48,-108.529782,-0.000000
38,49,-108.529782,-0.000000
39,40,-108.529843,-0.000000
39,41,-108.529933,-0.000047
39,42,-108.529840,-0.000001
39,43,-108.529830,-0.000000
39,44,-108.529830,0.000000
39,45,-108.529831,0.000000
39,46,-108.529830,-0.000000
39,47,-108.529830,0.000000
39,48,-108.529830,0.000000
39,49,-108.529830,-0.000000
40,41,-108.529853,-0.000003
40,42,-108.529851,-0.000048
40,43,-108.529795,-0.000000
40,44,-108.529795,-0.000000
40,45,-108.529796,-0.000000
40,46,-108.529795,-0.000000
40,47,-108.529795,-0.000000
40,48,-108.529795,-0.000000
40,49,-108.529795,-0.000000
41,42,-108.529846,0.000000
41,43,-108.529838,-0.000000
41,44,-108.529838,-0.000000
41,45,-108.529839,-0.000000
41,46,-108.529838,-0.000000
41,47,-108.529838,-0.000000
41,48,-108.529838,-0.000000
41,49,-108.529838,-0.000000
42,43,-108.529791,0.000000
42,44,-108.529791,0.000000
42,45,-108.529791,-0.000000
42,46,-108.529791,0.000000
42,47,-108.529791,0.000000
42,48,-108.529791,0.000000
42,49,-108.529791,0.000000
43,44,-108.529782,-0.000000
43,45,-108.529783,0.000000
43,46,-108.529782,-0.000000
43,47,-108.529782,0.000000
43,48,-108.529782,-0.000000
43,49,-108.529788,-0.000006
44,45,-108.529783,0.000000
44,46,-108.529782,-0.000000
44,47,-108.529782,-0.000000
44,48,-108.529788,-0.000006
44,49,-108.529782,-0.000000
45,46,-108.529783,0.000000
45,47,-108.529783,-0.000000
45,48,-108.529783,0.000000
45,49,-108.529783,0.000000
46,47,-108.529782,-0.000000
46,48,-108.529782,-0.000000
46,49,-108.529782,-0.000000
47,48,-108.529782,-0.000000
47,49,-108.529782,-0.000000
48,49,-108.529782,-0.000000
