0.000000000000000000e+00 -9.602783176719750600e+02 5.977085620449997805e-01
1.000000000000000000e+00 -9.603087235625944231e+02 5.673026714256366176e-01
2.000000000000000000e+00 -9.603345804452286529e+02 5.414457887914068124e-01
3.000000000000000000e+00 -9.603551414557596217e+02 5.208847782604379972e-01
4.000000000000000000e+00 -9.603721811002577624e+02 5.038451337622973369e-01
5.000000000000000000e+00 -9.603858866543623662e+02 4.901395796576935027e-01
6.000000000000000000e+00 -9.603981376505272465e+02 4.778885834928132681e-01
7.000000000000000000e+00 -9.604096358649821923e+02 4.663903690378674582e-01
8.000000000000000000e+00 -9.604196038212936628e+02 4.564224127263969422e-01
9.000000000000000000e+00 -9.604301416023328102e+02 4.458846316872495663e-01
1.000000000000000000e+01 -9.604394579508749530e+02 4.365682831451067614e-01
1.100000000000000000e+01 -9.604482890928344432e+02 4.277371411856165651e-01
1.200000000000000000e+01 -9.604568081430139728e+02 4.192180910060869792e-01
1.300000000000000000e+01 -9.604656634713365975e+02 4.103627626834622788e-01
1.400000000000000000e+01 -9.604735074177367551e+02 4.025188162833046590e-01
1.500000000000000000e+01 -9.604809681377738571e+02 3.950580962462026946e-01
1.600000000000000000e+01 -9.604881765470810251e+02 3.878496869390346546e-01
1.700000000000000000e+01 -9.604942223646912680e+02 3.818038693287917340e-01
1.800000000000000000e+01 -9.605005441752405204e+02 3.754820587795393294e-01
1.900000000000000000e+01 -9.605066183097019348e+02 3.694079243181249694e-01
2.000000000000000000e+01 -9.605127827715709827e+02 3.632434624490770148e-01
2.100000000000000000e+01 -9.605193864197342464e+02 3.566398142858133724e-01
2.200000000000000000e+01 -9.605260610118884870e+02 3.499652221315727729e-01
2.300000000000000000e+01 -9.605330558947240434e+02 3.429703392960163910e-01
2.400000000000000000e+01 -9.605400482809189953e+02 3.359779531010644860e-01
2.500000000000000000e+01 -9.605470848167678923e+02 3.289414172521674118e-01
2.600000000000000000e+01 -9.605539272022822388e+02 3.220990317378209511e-01
2.700000000000000000e+01 -9.605606897714868637e+02 3.153364625331960269e-01
2.800000000000000000e+01 -9.605673565023527090e+02 3.086697316673507885e-01
2.900000000000000000e+01 -9.605731883627165644e+02 3.028378713034953762e-01
3.000000000000000000e+01 -9.605795764970117716e+02 2.964497370082881389e-01
3.100000000000000000e+01 -9.605857074893845038e+02 2.903187446355559587e-01
3.200000000000000000e+01 -9.605917126603935685e+02 2.843135736264912339e-01
3.300000000000000000e+01 -9.605970019715322223e+02 2.790242624878374045e-01
3.400000000000000000e+01 -9.606033471575379963e+02 2.726790764820634649e-01
3.500000000000000000e+01 -9.606102202026638679e+02 2.658060313561918520e-01
3.600000000000000000e+01 -9.606162519053117421e+02 2.597743287083176256e-01
3.700000000000000000e+01 -9.606225369292297955e+02 2.534893047902642138e-01
3.800000000000000000e+01 -9.606288924230726707e+02 2.471338109473890654e-01
3.900000000000000000e+01 -9.606353996378467173e+02 2.406265961733424774e-01
4.000000000000000000e+01 -9.606422235528732472e+02 2.338026811468125743e-01
4.100000000000000000e+01 -9.606478548101925981e+02 2.281714238274616946e-01
4.200000000000000000e+01 -9.606530861033331803e+02 2.229401306868794563e-01
4.300000000000000000e+01 -9.606583064830898593e+02 2.177197509302004619e-01
4.400000000000000000e+01 -9.606633145966690108e+02 2.127116373510489211e-01
4.500000000000000000e+01 -9.606674470292696242e+02 2.085792047504355651e-01
4.600000000000000000e+01 -9.606719490864446698e+02 2.040771475753899722e-01
4.700000000000000000e+01 -9.606753522079322920e+02 2.006740260877677429e-01
4.800000000000000000e+01 -9.606787697653994655e+02 1.972564686205942053e-01
4.900000000000000000e+01 -9.606821100302788636e+02 1.939162037411961137e-01
5.000000000000000000e+01 -9.606856050904876838e+02 1.904211435323759360e-01
5.100000000000000000e+01 -9.606883590754566740e+02 1.876671585633857831e-01
5.200000000000000000e+01 -9.606912852385576116e+02 1.847409954624481543e-01
5.300000000000000000e+01 -9.606940191281078114e+02 1.820071059122483348e-01
5.400000000000000000e+01 -9.606968026297064398e+02 1.792236043136199442e-01
5.500000000000000000e+01 -9.606995194091949770e+02 1.765068248250827310e-01
5.600000000000000000e+01 -9.607026997822401881e+02 1.733264517798716042e-01
5.700000000000000000e+01 -9.607057069611923907e+02 1.703192728276690104e-01
5.800000000000000000e+01 -9.607094495341277707e+02 1.665766998922890707e-01
5.900000000000000000e+01 -9.607122790586676047e+02 1.637471753524550877e-01
6.000000000000000000e+01 -9.607158895032916917e+02 1.601367307283680930e-01
6.100000000000000000e+01 -9.607188774598823784e+02 1.571487741376813574e-01
6.200000000000000000e+01 -9.607226883182179336e+02 1.533379158021261901e-01
6.300000000000000000e+01 -9.607260355917509287e+02 1.499906422691310581e-01
6.400000000000000000e+01 -9.607294343228402340e+02 1.465919111798257291e-01
6.500000000000000000e+01 -9.607338567544042007e+02 1.421694796158590179e-01
6.600000000000000000e+01 -9.607373104866773019e+02 1.387157473427578225e-01
6.700000000000000000e+01 -9.607409893179635674e+02 1.350369160564923732e-01
6.800000000000000000e+01 -9.607451429311429365e+02 1.308833028771232421e-01
6.900000000000000000e+01 -9.607498811640814438e+02 1.261450699386159613e-01
7.000000000000000000e+01 -9.607545308988052284e+02 1.214953352148313570e-01
7.100000000000000000e+01 -9.607601121785585292e+02 1.159140554615305518e-01
7.200000000000000000e+01 -9.607650735067608139e+02 1.109527272592458758e-01
7.300000000000000000e+01 -9.607710071503108793e+02 1.050190837091804497e-01
7.400000000000000000e+01 -9.607765826353037255e+02 9.944359871633423609e-02
7.500000000000000000e+01 -9.607830652978602757e+02 9.296093615978406888e-02
7.600000000000000000e+01 -9.607896472836491739e+02 8.637895037088583194e-02
7.700000000000000000e+01 -9.607961866839965523e+02 7.983955002350739960e-02
7.800000000000000000e+01 -9.608019562242081975e+02 7.407000981186229183e-02
7.900000000000000000e+01 -9.608075305383778186e+02 6.849569564224111673e-02
8.000000000000000000e+01 -9.608126110119380883e+02 6.341522208197147847e-02
8.100000000000000000e+01 -9.608181050223034845e+02 5.792121171657527157e-02
8.200000000000000000e+01 -9.608226125046815014e+02 5.341372933855836891e-02
8.300000000000000000e+01 -9.608264263887474499e+02 4.959984527260985487e-02
8.400000000000000000e+01 -9.608301923000304896e+02 4.583393398957014142e-02
8.500000000000000000e+01 -9.608327277951557335e+02 4.329843886432627187e-02
8.600000000000000000e+01 -9.608352488086815129e+02 4.077742533854689100e-02
8.700000000000000000e+01 -9.608367081197907282e+02 3.931811422933151334e-02
8.800000000000000000e+01 -9.608387845440392994e+02 3.724168998076038406e-02
8.900000000000000000e+01 -9.608409279950903965e+02 3.509823892966323911e-02
9.000000000000000000e+01 -9.608417966745103058e+02 3.422955950975392625e-02
9.100000000000000000e+01 -9.608436032410755843e+02 3.242299294447548164e-02
9.200000000000000000e+01 -9.608454276585586058e+02 3.059857546145394736e-02
9.300000000000000000e+01 -9.608470432897564706e+02 2.898294426358916098e-02
9.400000000000000000e+01 -9.608485656098213212e+02 2.746062419873851468e-02
9.500000000000000000e+01 -9.608495775594003590e+02 2.644867461970079603e-02
9.600000000000000000e+01 -9.608508263733099284e+02 2.519986071013136097e-02
9.700000000000000000e+01 -9.608520875708293261e+02 2.393866319073367777e-02
9.800000000000000000e+01 -9.608533117474356686e+02 2.271448658439112478e-02
9.900000000000000000e+01 -9.608534448683651590e+02 2.258136565490076464e-02
1.000000000000000000e+02 -9.608551434170078664e+02 2.088281701219329989e-02
1.010000000000000000e+02 -9.608559148757560706e+02 2.011135826398913196e-02
1.020000000000000000e+02 -9.608564997005977375e+02 1.952653342232224531e-02
1.030000000000000000e+02 -9.608569317491899255e+02 1.909448483013420628e-02
1.040000000000000000e+02 -9.608576167487851762e+02 1.840948523488350475e-02
1.050000000000000000e+02 -9.608579798098804758e+02 1.804642413958390534e-02
1.060000000000000000e+02 -9.608591063498174663e+02 1.691988420259349368e-02
1.070000000000000000e+02 -9.608587696505690019e+02 1.725658345105784974e-02
1.080000000000000000e+02 -9.608591171888089093e+02 1.690904521115044190e-02
1.090000000000000000e+02 -9.608591515649684425e+02 1.687466905161727482e-02
1.100000000000000000e+02 -9.608599487371009218e+02 1.607749691913795687e-02
1.110000000000000000e+02 -9.608600065859765209e+02 1.601964804353883665e-02
1.120000000000000000e+02 -9.608601001081708546e+02 1.592612584920516383e-02
1.130000000000000000e+02 -9.608599955831633679e+02 1.603065085669186374e-02
1.140000000000000000e+02 -9.608606335162578489e+02 1.539271776221085020e-02
1.150000000000000000e+02 -9.608602126806641763e+02 1.581355335588341404e-02
1.160000000000000000e+02 -9.608611675143461071e+02 1.485871967395269166e-02
1.170000000000000000e+02 -9.608611762339695588e+02 1.485000005050096661e-02
1.180000000000000000e+02 -9.608612792018559503e+02 1.474703216410944151e-02
1.190000000000000000e+02 -9.608616287732130559e+02 1.439746080700388120e-02
1.200000000000000000e+02 -9.608617526991096156e+02 1.427353491044414113e-02
1.210000000000000000e+02 -9.608616197588195291e+02 1.440647520053062181e-02
1.220000000000000000e+02 -9.608616567355370535e+02 1.436949848300628219e-02
1.230000000000000000e+02 -9.608612960588453689e+02 1.473017517469088489e-02
1.240000000000000000e+02 -9.608623475385744541e+02 1.367869544560562645e-02
1.250000000000000000e+02 -9.608619211143941357e+02 1.410511962592408963e-02
1.260000000000000000e+02 -9.608617196719944786e+02 1.430656202558111545e-02
1.270000000000000000e+02 -9.608622399994063699e+02 1.378623461368988501e-02
1.280000000000000000e+02 -9.608617911465840962e+02 1.423508743596357817e-02
1.290000000000000000e+02 -9.608623315968562792e+02 1.369463716378049867e-02
1.300000000000000000e+02 -9.608621558177767383e+02 1.387041624332141510e-02
1.310000000000000000e+02 -9.608628715583937492e+02 1.315467562631056353e-02
1.320000000000000000e+02 -9.608624903867744251e+02 1.353584724563461350e-02
1.330000000000000000e+02 -9.608621732786243683e+02 1.385295539569142420e-02
1.340000000000000000e+02 -9.608623811964661172e+02 1.364503755394252948e-02
1.350000000000000000e+02 -9.608620957420987452e+02 1.393049192131456948e-02
1.360000000000000000e+02 -9.608622872259128371e+02 1.373900810722261667e-02
1.370000000000000000e+02 -9.608623861860921807e+02 1.364004792787909537e-02
1.380000000000000000e+02 -9.608629926623112851e+02 1.303357170877461613e-02
1.390000000000000000e+02 -9.608625146420839656e+02 1.351159193609419162e-02
1.400000000000000000e+02 -9.608627440103164190e+02 1.328222370364073868e-02
1.410000000000000000e+02 -9.608622573667953475e+02 1.376886722471226676e-02
1.420000000000000000e+02 -9.608627339546293342e+02 1.329227939072552545e-02
1.430000000000000000e+02 -9.608628044953870813e+02 1.322173863297848584e-02
1.440000000000000000e+02 -9.608630662088586405e+02 1.296002516141925298e-02
1.450000000000000000e+02 -9.608625401141996463e+02 1.348611982041347801e-02
1.460000000000000000e+02 -9.608626704574199948e+02 1.335577660006492806e-02
1.470000000000000000e+02 -9.608624410658500210e+02 1.358516817003874166e-02
1.480000000000000000e+02 -9.608630921900132762e+02 1.293404400678355159e-02
1.490000000000000000e+02 -9.608632437348524036e+02 1.278249916765616945e-02
1.500000000000000000e+02 -9.608627278326397345e+02 1.329840138032523100e-02
1.510000000000000000e+02 -9.608630995291974841e+02 1.292670482257562981e-02
1.520000000000000000e+02 -9.608628390030709170e+02 1.318723094914275862e-02
1.530000000000000000e+02 -9.608628556668693363e+02 1.317056715072340012e-02
1.540000000000000000e+02 -9.608625383189408922e+02 1.348791507916757837e-02
1.550000000000000000e+02 -9.608629564705801158e+02 1.306976343994392664e-02
1.560000000000000000e+02 -9.608632576168070045e+02 1.276861721305522224e-02
1.570000000000000000e+02 -9.608629062499046540e+02 1.311998411540571396e-02
1.580000000000000000e+02 -9.608633090550628140e+02 1.271717895724577829e-02
1.590000000000000000e+02 -9.608632264843731718e+02 1.279974964688790351e-02
1.600000000000000000e+02 -9.608634057104111434e+02 1.262052360891630087e-02
1.610000000000000000e+02 -9.608632490171429481e+02 1.277721687711164122e-02
1.620000000000000000e+02 -9.608632916134500874e+02 1.273462056997232139e-02
1.630000000000000000e+02 -9.608630234100197640e+02 1.300282400029573182e-02
1.640000000000000000e+02 -9.608630247013244343e+02 1.300153269562542846e-02
1.650000000000000000e+02 -9.608632717084512933e+02 1.275452556876643939e-02
1.660000000000000000e+02 -9.608633775197758951e+02 1.264871424416469381e-02
1.670000000000000000e+02 -9.608629895513986412e+02 1.303668262141854939e-02
1.680000000000000000e+02 -9.608629371505571726e+02 1.308908346288717439e-02
1.690000000000000000e+02 -9.608633469597368730e+02 1.267927428318671446e-02
1.700000000000000000e+02 -9.608640907612348201e+02 1.193547278523965360e-02
1.710000000000000000e+02 -9.608634233458706149e+02 1.260288814944487967e-02
1.720000000000000000e+02 -9.608633354692585726e+02 1.269076476148711663e-02
1.730000000000000000e+02 -9.608633401542906540e+02 1.268607972940571926e-02
1.740000000000000000e+02 -9.608636619535928958e+02 1.236428042716397613e-02
1.750000000000000000e+02 -9.608637540058049353e+02 1.227222821512441442e-02
1.760000000000000000e+02 -9.608632065887821909e+02 1.281964523786882637e-02
1.770000000000000000e+02 -9.608634526595775469e+02 1.257357444251283596e-02
1.780000000000000000e+02 -9.608633968877738880e+02 1.262934624617173540e-02
1.790000000000000000e+02 -9.608637767386346695e+02 1.224949538539021887e-02
1.800000000000000000e+02 -9.608632466893850506e+02 1.277954463500918791e-02
1.810000000000000000e+02 -9.608634359246343593e+02 1.259030938570049329e-02
1.820000000000000000e+02 -9.608636845073773429e+02 1.234172664271682152e-02
1.830000000000000000e+02 -9.608635206195310730e+02 1.250561448898679373e-02
1.840000000000000000e+02 -9.608641681948940914e+02 1.185803912596838927e-02
1.850000000000000000e+02 -9.608639442814998120e+02 1.208195252024779620e-02
1.860000000000000000e+02 -9.608637039295729210e+02 1.232230444713877660e-02
1.870000000000000000e+02 -9.608637657385496595e+02 1.226049547040020116e-02
1.880000000000000000e+02 -9.608635678114984557e+02 1.245842252160400676e-02
1.890000000000000000e+02 -9.608635892538409280e+02 1.243698017913175136e-02
1.900000000000000000e+02 -9.608637771589942531e+02 1.224907502580663277e-02
1.910000000000000000e+02 -9.608642834519702092e+02 1.174278204985057528e-02
1.920000000000000000e+02 -9.608636921225848937e+02 1.233411143516605080e-02
1.930000000000000000e+02 -9.608639823124491386e+02 1.204392157092115667e-02
1.940000000000000000e+02 -9.608638855243175385e+02 1.214070970252123516e-02
1.950000000000000000e+02 -9.608640961843807418e+02 1.193004963931798557e-02
1.960000000000000000e+02 -9.608645550607611767e+02 1.147117325888302730e-02
1.970000000000000000e+02 -9.608642379435067369e+02 1.178829051332286326e-02
1.980000000000000000e+02 -9.608642183744927934e+02 1.180785952726637333e-02
1.990000000000000000e+02 -9.608644173091113316e+02 1.160892490872811322e-02
2.000000000000000000e+02 -9.608642161585686381e+02 1.181007545142165327e-02
2.010000000000000000e+02 -9.608639027336181471e+02 1.212350040191267908e-02
2.020000000000000000e+02 -9.608644674824715821e+02 1.155875154847763042e-02
2.030000000000000000e+02 -9.608643984968776977e+02 1.162773714236209344e-02
2.040000000000000000e+02 -9.608639308955096112e+02 1.209533851044852781e-02
2.050000000000000000e+02 -9.608648339273636338e+02 1.119230665642589884e-02
2.060000000000000000e+02 -9.608653585696021082e+02 1.066766441795152787e-02
2.070000000000000000e+02 -9.608645913671452945e+02 1.143486687476524821e-02
2.080000000000000000e+02 -9.608643758079095960e+02 1.165042611046374077e-02
2.090000000000000000e+02 -9.608651209944597440e+02 1.090523956031574926e-02
2.100000000000000000e+02 -9.608646242707501415e+02 1.140196326991826936e-02
2.110000000000000000e+02 -9.608651135242620285e+02 1.091270975803126930e-02
2.120000000000000000e+02 -9.608648660492032150e+02 1.116018481684477592e-02
2.130000000000000000e+02 -9.608652305427990541e+02 1.079569122100565437e-02
2.140000000000000000e+02 -9.608652397776980933e+02 1.078645632196639781e-02
2.150000000000000000e+02 -9.608652770377860861e+02 1.074919623397363466e-02
2.160000000000000000e+02 -9.608658901957896887e+02 1.013603823037101392e-02
2.170000000000000000e+02 -9.608656920002707693e+02 1.033423374929043348e-02
2.180000000000000000e+02 -9.608653262975549296e+02 1.069993646513012209e-02
2.190000000000000000e+02 -9.608659335177092089e+02 1.009271631085084664e-02
2.200000000000000000e+02 -9.608656852836450071e+02 1.034095037505267101e-02
2.210000000000000000e+02 -9.608656988069822091e+02 1.032742703785061167e-02
2.220000000000000000e+02 -9.608656758902824322e+02 1.035034373762755422e-02
2.230000000000000000e+02 -9.608659754645673274e+02 1.005076945273231104e-02
2.240000000000000000e+02 -9.608658799619604451e+02 1.014627205961460277e-02
2.250000000000000000e+02 -9.608656069709861640e+02 1.041926303389573150e-02
2.260000000000000000e+02 -9.608662028201210887e+02 9.823413898971011804e-03
2.270000000000000000e+02 -9.608662730987449550e+02 9.753135275104796165e-03
2.280000000000000000e+02 -9.608661820957587452e+02 9.844138261314583360e-03
2.290000000000000000e+02 -9.608660883926481802e+02 9.937841371879585495e-03
2.300000000000000000e+02 -9.608656487347917619e+02 1.037749922829789284e-02
2.310000000000000000e+02 -9.608663967519410107e+02 9.629482079049012100e-03
2.320000000000000000e+02 -9.608666729109157814e+02 9.353323104278388200e-03
2.330000000000000000e+02 -9.608660811449645962e+02 9.945089055463540717e-03
2.340000000000000000e+02 -9.608665611253431962e+02 9.465108676863565051e-03
2.350000000000000000e+02 -9.608670083911109714e+02 9.017842909088358283e-03
2.360000000000000000e+02 -9.608670405905996859e+02 8.985643420373889967e-03
2.370000000000000000e+02 -9.608670805348459680e+02 8.945699174091714667e-03
2.380000000000000000e+02 -9.608666791067718123e+02 9.347127248247488751e-03
2.390000000000000000e+02 -9.608668762807767507e+02 9.149953243309028039e-03
2.400000000000000000e+02 -9.608666392079034040e+02 9.387026116655761143e-03
2.410000000000000000e+02 -9.608670725386598406e+02 8.953695360219171562e-03
2.420000000000000000e+02 -9.608671531154280956e+02 8.873118591964157531e-03
2.430000000000000000e+02 -9.608673679055176535e+02 8.658328502406220650e-03
2.440000000000000000e+02 -9.608671341406263764e+02 8.892093393683353497e-03
2.450000000000000000e+02 -9.608672497457313284e+02 8.776488288731343346e-03
2.460000000000000000e+02 -9.608676939968337365e+02 8.332237186323254718e-03
2.470000000000000000e+02 -9.608676772758159359e+02 8.348958204123846372e-03
2.480000000000000000e+02 -9.608676045121886773e+02 8.421721831382456003e-03
2.490000000000000000e+02 -9.608675016628890262e+02 8.524571131033553684e-03
2.500000000000000000e+02 -9.608673934118376110e+02 8.632822182448762760e-03
2.510000000000000000e+02 -9.608676520258791243e+02 8.374208140935479605e-03
2.520000000000000000e+02 -9.608676951022873709e+02 8.331131732688845659e-03
2.530000000000000000e+02 -9.608675955978036427e+02 8.430636216417042306e-03
2.540000000000000000e+02 -9.608679812481460658e+02 8.044985873993937275e-03
2.550000000000000000e+02 -9.608679910094256229e+02 8.035224594436840562e-03
2.560000000000000000e+02 -9.608680518415388860e+02 7.974392481173708802e-03
2.570000000000000000e+02 -9.608679497620104257e+02 8.076472009634017013e-03
2.580000000000000000e+02 -9.608680035943292523e+02 8.022639690807409352e-03
2.590000000000000000e+02 -9.608677410738945355e+02 8.285160125524271280e-03
2.600000000000000000e+02 -9.608682694967174029e+02 7.756737302656802058e-03
2.610000000000000000e+02 -9.608681256136270576e+02 7.900620393002100172e-03
2.620000000000000000e+02 -9.608683173042600174e+02 7.708929760042337875e-03
2.630000000000000000e+02 -9.608684903496304059e+02 7.535884389653801918e-03
2.640000000000000000e+02 -9.608683412769447614e+02 7.684957075298370910e-03
2.650000000000000000e+02 -9.608688144367220048e+02 7.211797298054989369e-03
2.660000000000000000e+02 -9.608683511043949466e+02 7.675129625113186194e-03
2.670000000000000000e+02 -9.608682195450353447e+02 7.806688984715037805e-03
2.680000000000000000e+02 -9.608689277686404466e+02 7.098465379613116966e-03
2.690000000000000000e+02 -9.608684413753919671e+02 7.584858628092661093e-03
2.700000000000000000e+02 -9.608689987257242819e+02 7.027508295777806779e-03
2.710000000000000000e+02 -9.608689340083832349e+02 7.092225636824878165e-03
2.720000000000000000e+02 -9.608690681415573636e+02 6.958092462696185976e-03
2.730000000000000000e+02 -9.608690516040023795e+02 6.974630017680283345e-03
2.740000000000000000e+02 -9.608694072170155778e+02 6.619017004481975164e-03
2.750000000000000000e+02 -9.608695586901214938e+02 6.467543898565963900e-03
2.760000000000000000e+02 -9.608696289557243517e+02 6.397278295708019868e-03
2.770000000000000000e+02 -9.608692866794758629e+02 6.739554544196835195e-03
2.780000000000000000e+02 -9.608695781380280323e+02 6.448095992027447210e-03
2.790000000000000000e+02 -9.608697029828317682e+02 6.323251188291578728e-03
2.800000000000000000e+02 -9.608696883964508970e+02 6.337837569162729778e-03
2.810000000000000000e+02 -9.608695825329584750e+02 6.443701061584761192e-03
2.820000000000000000e+02 -9.608696556075535682e+02 6.370626466491557949e-03
2.830000000000000000e+02 -9.608698406279158917e+02 6.185606104168073216e-03
2.840000000000000000e+02 -9.608694343252801673e+02 6.591908739892460289e-03
2.850000000000000000e+02 -9.608697013441851595e+02 6.324889834900204733e-03
2.860000000000000000e+02 -9.608697938227215900e+02 6.232411298469742178e-03
2.870000000000000000e+02 -9.608700125451657641e+02 6.013688854295651254e-03
2.880000000000000000e+02 -9.608695712725473186e+02 6.454961472741160833e-03
2.890000000000000000e+02 -9.608696503128185213e+02 6.375921201538403693e-03
2.900000000000000000e+02 -9.608697522343603623e+02 6.273999659697437892e-03
2.910000000000000000e+02 -9.608697811433069091e+02 6.245090713150602824e-03
2.920000000000000000e+02 -9.608705213195197530e+02 5.504914500306767877e-03
2.930000000000000000e+02 -9.608697576093697990e+02 6.268624650260790077e-03
2.940000000000000000e+02 -9.608703514104214491e+02 5.674823598610601039e-03
2.950000000000000000e+02 -9.608701835166990577e+02 5.842717321002055542e-03
2.960000000000000000e+02 -9.608701734604632065e+02 5.852773556853207992e-03
2.970000000000000000e+02 -9.608699133062824558e+02 6.112927737603968126e-03
2.980000000000000000e+02 -9.608707684211071864e+02 5.257812912873305322e-03
2.990000000000000000e+02 -9.608700800554299803e+02 5.946178590079398418e-03
3.000000000000000000e+02 -9.608705215999915481e+02 5.504634028511645738e-03
3.010000000000000000e+02 -9.608704529166145676e+02 5.573317405492161924e-03
3.020000000000000000e+02 -9.608706260626956919e+02 5.400171324367875059e-03
3.030000000000000000e+02 -9.608707460986621527e+02 5.280135357907056459e-03
3.040000000000000000e+02 -9.608701022535589118e+02 5.923980461147948517e-03
3.050000000000000000e+02 -9.608703935271524870e+02 5.632706867572778719e-03
3.060000000000000000e+02 -9.608708720009925628e+02 5.154233027496957220e-03
3.070000000000000000e+02 -9.608704833572954840e+02 5.542876724575762637e-03
3.080000000000000000e+02 -9.608704828244851797e+02 5.543409534880083811e-03
3.090000000000000000e+02 -9.608705990386029043e+02 5.427195417155417090e-03
3.100000000000000000e+02 -9.608703540668100231e+02 5.672167210036604956e-03
3.110000000000000000e+02 -9.608705069895731867e+02 5.519244446873017296e-03
3.120000000000000000e+02 -9.608708071625011371e+02 5.219071518922646646e-03
3.130000000000000000e+02 -9.608704854450627408e+02 5.540788957318909524e-03
3.140000000000000000e+02 -9.608706161133716250e+02 5.410120648434713075e-03
3.150000000000000000e+02 -9.608704410425846163e+02 5.585191435443448427e-03
3.160000000000000000e+02 -9.608710671306427002e+02 4.959103377359497244e-03
3.170000000000000000e+02 -9.608707009257668687e+02 5.325308253190996766e-03
3.180000000000000000e+02 -9.608710665932533175e+02 4.959640766742268170e-03
3.190000000000000000e+02 -9.608706965484717557e+02 5.329685548304041731e-03
3.200000000000000000e+02 -9.608710368039539844e+02 4.989430066075328796e-03
3.210000000000000000e+02 -9.608707164249105972e+02 5.309809109462548804e-03
3.220000000000000000e+02 -9.608707000113901131e+02 5.326222629946641973e-03
3.230000000000000000e+02 -9.608699406038022062e+02 6.085630217853577051e-03
3.240000000000000000e+02 -9.608709869538319026e+02 5.039280188157135854e-03
3.250000000000000000e+02 -9.608703168099291361e+02 5.709424090923675976e-03
3.260000000000000000e+02 -9.608709301153144224e+02 5.096118705637309176e-03
3.270000000000000000e+02 -9.608710741020901196e+02 4.952131929940151167e-03
3.280000000000000000e+02 -9.608709495655089086e+02 5.076668511151183338e-03
3.290000000000000000e+02 -9.608709178540773337e+02 5.108379942726060108e-03
3.300000000000000000e+02 -9.608702118669158381e+02 5.814367104221673799e-03
3.310000000000000000e+02 -9.608713589159771118e+02 4.667318042947954382e-03
3.320000000000000000e+02 -9.608714367995415842e+02 4.589434478475595824e-03
3.330000000000000000e+02 -9.608713246943220838e+02 4.701539697975931631e-03
3.340000000000000000e+02 -9.608709893969446512e+02 5.036837075408584496e-03
3.350000000000000000e+02 -9.608703586875826659e+02 5.667546437393866654e-03
3.360000000000000000e+02 -9.608709371293548429e+02 5.089104665216837020e-03
3.370000000000000000e+02 -9.608710429188455464e+02 4.983315174513336387e-03
3.380000000000000000e+02 -9.608714626241925316e+02 4.563609827528125606e-03
3.390000000000000000e+02 -9.608716783551452636e+02 4.347878874796151649e-03
3.400000000000000000e+02 -9.608708530949492115e+02 5.173139070848264964e-03
3.410000000000000000e+02 -9.608708699250381642e+02 5.156308981895563193e-03
3.420000000000000000e+02 -9.608709691713900156e+02 5.057062630044129037e-03
3.430000000000000000e+02 -9.608710432894878295e+02 4.982944532230249024e-03
3.440000000000000000e+02 -9.608711853291110856e+02 4.840904908974152931e-03
3.450000000000000000e+02 -9.608711427672542413e+02 4.883466765818411659e-03
3.460000000000000000e+02 -9.608711967695505791e+02 4.829464469480626576e-03
3.470000000000000000e+02 -9.608708721462703579e+02 5.154087749701830035e-03
3.480000000000000000e+02 -9.608712281585544588e+02 4.798075465600959433e-03
3.490000000000000000e+02 -9.608713317609126534e+02 4.694473107406338386e-03
3.500000000000000000e+02 -9.608710667560588945e+02 4.959477961165248416e-03
3.510000000000000000e+02 -9.608706458607653076e+02 5.380373254752157663e-03
3.520000000000000000e+02 -9.608711352589477883e+02 4.890975072271430690e-03
3.530000000000000000e+02 -9.608714912197477815e+02 4.535014272278203862e-03
3.540000000000000000e+02 -9.608711441724375391e+02 4.882061582520691445e-03
3.550000000000000000e+02 -9.608712524638642662e+02 4.773770155793499725e-03
3.560000000000000000e+02 -9.608712806307141818e+02 4.745603305877921230e-03
3.570000000000000000e+02 -9.608711102921591873e+02 4.915941860872408142e-03
3.580000000000000000e+02 -9.608717537416857795e+02 4.272492334280286741e-03
3.590000000000000000e+02 -9.608711785575378599e+02 4.847676482199858583e-03
3.600000000000000000e+02 -9.608712899224871080e+02 4.736311532951731351e-03
3.610000000000000000e+02 -9.608708829587828859e+02 5.143275237173838832e-03
3.620000000000000000e+02 -9.608708199432321635e+02 5.206290787896250549e-03
3.630000000000000000e+02 -9.608714851550673757e+02 4.541078952684074466e-03
3.640000000000000000e+02 -9.608710669155036612e+02 4.959318516398525389e-03
3.650000000000000000e+02 -9.608712355233769813e+02 4.790710643078455178e-03
3.660000000000000000e+02 -9.608714178674812274e+02 4.608366538832342485e-03
3.670000000000000000e+02 -9.608709935855434878e+02 5.032648476571921492e-03
3.680000000000000000e+02 -9.608706187997865982e+02 5.407434233461572148e-03
3.690000000000000000e+02 -9.608708873649243287e+02 5.138869095731024572e-03
3.700000000000000000e+02 -9.608711640320250353e+02 4.862201995024406642e-03
3.710000000000000000e+02 -9.608714075928166949e+02 4.618641203364859393e-03
3.720000000000000000e+02 -9.608716408451505231e+02 4.385388869536654965e-03
3.730000000000000000e+02 -9.608715007850421443e+02 4.525448977915402793e-03
3.740000000000000000e+02 -9.608711324468748671e+02 4.893787145192618482e-03
3.750000000000000000e+02 -9.608711231297602353e+02 4.903104259824431210e-03
3.760000000000000000e+02 -9.608713574938866486e+02 4.668740133411120041e-03
3.770000000000000000e+02 -9.608716039343810280e+02 4.422299639031734841e-03
3.780000000000000000e+02 -9.608712424001816998e+02 4.783833838359896617e-03
3.790000000000000000e+02 -9.608712658651670608e+02 4.760368852998908551e-03
3.800000000000000000e+02 -9.608715140678793887e+02 4.512166140671070025e-03
3.810000000000000000e+02 -9.608716631497196659e+02 4.363084300393893500e-03
3.820000000000000000e+02 -9.608711134269266267e+02 4.912807093433002592e-03
3.830000000000000000e+02 -9.608714164093551062e+02 4.609824664953521278e-03
3.840000000000000000e+02 -9.608712660563929830e+02 4.760177627076700446e-03
3.850000000000000000e+02 -9.608713172037903405e+02 4.709030229719246563e-03
3.860000000000000000e+02 -9.608713423481199243e+02 4.683885900135464908e-03
3.870000000000000000e+02 -9.608716133775476465e+02 4.412856472413295705e-03
3.880000000000000000e+02 -9.608715375129158929e+02 4.488721104166870646e-03
3.890000000000000000e+02 -9.608714261662078115e+02 4.600067812248198607e-03
3.900000000000000000e+02 -9.608715718592474104e+02 4.454374772649316583e-03
3.910000000000000000e+02 -9.608713888314565565e+02 4.637402563503201236e-03
3.920000000000000000e+02 -9.608711262602834040e+02 4.899973736655738321e-03
3.930000000000000000e+02 -9.608719483519104188e+02 4.077882109640995623e-03
3.940000000000000000e+02 -9.608714599941060897e+02 4.566239913970093767e-03
3.950000000000000000e+02 -9.608713377627220780e+02 4.688471297981777752e-03
3.960000000000000000e+02 -9.608716710599003363e+02 4.355174119723415060e-03
3.970000000000000000e+02 -9.608716733306143851e+02 4.352903405674624082e-03
3.980000000000000000e+02 -9.608715487750918101e+02 4.477458928249689052e-03
3.990000000000000000e+02 -9.608714090572329951e+02 4.617176787064636301e-03
4.000000000000000000e+02 -9.608712470496311653e+02 4.779184388894464064e-03
4.010000000000000000e+02 -9.608715385401543472e+02 4.487693865712572006e-03
4.020000000000000000e+02 -9.608715180403394243e+02 4.508193680635486089e-03
4.030000000000000000e+02 -9.608714447046573923e+02 4.581529362667424721e-03
4.040000000000000000e+02 -9.608716107496662744e+02 4.415484353785359417e-03
4.050000000000000000e+02 -9.608707624750664991e+02 5.263758953560682130e-03
4.060000000000000000e+02 -9.608718354590691888e+02 4.190774950870945759e-03
4.070000000000000000e+02 -9.608712465488697489e+02 4.779685150310797326e-03
4.080000000000000000e+02 -9.608711299163769581e+02 4.896317643101610884e-03
4.090000000000000000e+02 -9.608714506072700487e+02 4.575626750010997057e-03
4.100000000000000000e+02 -9.608718268204328297e+02 4.199413587230083067e-03
4.110000000000000000e+02 -9.608713395047051335e+02 4.686729314926196821e-03
4.120000000000000000e+02 -9.608716609190172449e+02 4.365315002814895706e-03
4.130000000000000000e+02 -9.608714287068039539e+02 4.597527216105845582e-03
4.140000000000000000e+02 -9.608714264891840457e+02 4.599744836013996974e-03
4.150000000000000000e+02 -9.608716565408456063e+02 4.369693174453459505e-03
4.160000000000000000e+02 -9.608710605021574338e+02 4.965731862625943904e-03
4.170000000000000000e+02 -9.608713037839220306e+02 4.722450098029185028e-03
4.180000000000000000e+02 -9.608714710248710844e+02 4.555209148975336575e-03
4.190000000000000000e+02 -9.608716832770662677e+02 4.342956953792054264e-03
4.200000000000000000e+02 -9.608716398643446155e+02 4.386369675444257155e-03
4.210000000000000000e+02 -9.608709154402783952e+02 5.110793741664565459e-03
4.220000000000000000e+02 -9.608715113828044423e+02 4.514851215617454727e-03
4.230000000000000000e+02 -9.608714857643882397e+02 4.540469631820087670e-03
4.240000000000000000e+02 -9.608719068679383781e+02 4.119366081681619107e-03
4.250000000000000000e+02 -9.608720187447986518e+02 4.007489221407922741e-03
4.260000000000000000e+02 -9.608717845499121495e+02 4.241684107910259627e-03
4.270000000000000000e+02 -9.608714846142711394e+02 4.541619748920311395e-03
4.280000000000000000e+02 -9.608711627716040766e+02 4.863462415983121900e-03
4.290000000000000000e+02 -9.608720454272324787e+02 3.980806787581059325e-03
4.300000000000000000e+02 -9.608717603743428981e+02 4.265859677161643049e-03
4.310000000000000000e+02 -9.608715008927550798e+02 4.525341264979942935e-03
4.320000000000000000e+02 -9.608715677410408489e+02 4.458492979210859630e-03
4.330000000000000000e+02 -9.608716016431329763e+02 4.424590887083468260e-03
4.340000000000000000e+02 -9.608715803182910804e+02 4.445915728979343839e-03
4.350000000000000000e+02 -9.608714158562332841e+02 4.610377786775643472e-03
4.360000000000000000e+02 -9.608717078074976143e+02 4.318426522445406590e-03
4.370000000000000000e+02 -9.608715232156807815e+02 4.503018339278241911e-03
4.380000000000000000e+02 -9.608715408892148844e+02 4.485344805175373040e-03
4.390000000000000000e+02 -9.608713360516751436e+02 4.690182344916138391e-03
4.400000000000000000e+02 -9.608717406716536971e+02 4.285562366362682951e-03
4.410000000000000000e+02 -9.608718066510527933e+02 4.219582967266433116e-03
4.420000000000000000e+02 -9.608719150377892220e+02 4.111196230837776966e-03
4.430000000000000000e+02 -9.608716664335659061e+02 4.359800454153628380e-03
4.440000000000000000e+02 -9.608717691109923180e+02 4.257123027741727128e-03
4.450000000000000000e+02 -9.608718111538398716e+02 4.215080180188124359e-03
4.460000000000000000e+02 -9.608716403629606475e+02 4.385871059412238537e-03
4.470000000000000000e+02 -9.608717676584204810e+02 4.258575599578762194e-03
4.480000000000000000e+02 -9.608715077180964954e+02 4.518515923564336845e-03
4.490000000000000000e+02 -9.608720010123970496e+02 4.025221623010111216e-03
4.500000000000000000e+02 -9.608714988923611600e+02 4.527341658899786125e-03
4.510000000000000000e+02 -9.608718462642812028e+02 4.179969738856925687e-03
4.520000000000000000e+02 -9.608720254520359276e+02 4.000781984132117941e-03
4.530000000000000000e+02 -9.608718554816964570e+02 4.170752323602755496e-03
4.540000000000000000e+02 -9.608716650776218557e+02 4.361156398204002471e-03
4.550000000000000000e+02 -9.608716968101409748e+02 4.329423879084970395e-03
4.560000000000000000e+02 -9.608721419951510825e+02 3.884238868977263337e-03
4.570000000000000000e+02 -9.608718336259885291e+02 4.192608031530653534e-03
4.580000000000000000e+02 -9.608720036353671503e+02 4.022598652909437078e-03
4.590000000000000000e+02 -9.608718665978387889e+02 4.159636181270798261e-03
4.600000000000000000e+02 -9.608719016246703859e+02 4.124609349673846737e-03
4.610000000000000000e+02 -9.608713390621900317e+02 4.687171830028091790e-03
4.620000000000000000e+02 -9.608716992727047455e+02 4.326961315314292733e-03
4.630000000000000000e+02 -9.608717659656794012e+02 4.260268340658512898e-03
4.640000000000000000e+02 -9.608719643946495808e+02 4.061839370478992350e-03
4.650000000000000000e+02 -9.608719718985475993e+02 4.054335472460479650e-03
4.660000000000000000e+02 -9.608721426930353573e+02 3.883540984702449350e-03
4.670000000000000000e+02 -9.608721341205148292e+02 3.892113505230554438e-03
4.680000000000000000e+02 -9.608714045069410759e+02 4.621727078983894899e-03
4.690000000000000000e+02 -9.608713553456772161e+02 4.670888342843682040e-03
4.700000000000000000e+02 -9.608716142382947965e+02 4.411995725263295753e-03
4.710000000000000000e+02 -9.608720895894495015e+02 3.936644570558200940e-03
4.720000000000000000e+02 -9.608718761467109744e+02 4.150087309085392917e-03
4.730000000000000000e+02 -9.608720614586673037e+02 3.964775352756078064e-03
4.740000000000000000e+02 -9.608715441612164341e+02 4.482072803625669621e-03
4.750000000000000000e+02 -9.608714163610306969e+02 4.609872989362884255e-03
4.760000000000000000e+02 -9.608716444208073426e+02 4.381813212717133865e-03
4.770000000000000000e+02 -9.608715058952186610e+02 4.520338801398793294e-03
4.780000000000000000e+02 -9.608721678418635292e+02 3.858392156530499051e-03
4.790000000000000000e+02 -9.608717685676899691e+02 4.257666330090614792e-03
4.800000000000000000e+02 -9.608717266849006364e+02 4.299549119423318189e-03
4.810000000000000000e+02 -9.608717340109420775e+02 4.292223077982271207e-03
4.820000000000000000e+02 -9.608716587972775187e+02 4.367436742541030981e-03
4.830000000000000000e+02 -9.608722514861633499e+02 3.774747856709836924e-03
4.840000000000000000e+02 -9.608717865947999144e+02 4.239639220145363652e-03
4.850000000000000000e+02 -9.608717025357381090e+02 4.323698281950782984e-03
4.860000000000000000e+02 -9.608718437719369376e+02 4.182462083122118202e-03
4.870000000000000000e+02 -9.608717222836584142e+02 4.303950361645547673e-03
4.880000000000000000e+02 -9.608714604330964448e+02 4.565800923614915519e-03
4.890000000000000000e+02 -9.608716709563200311e+02 4.355277700028636900e-03
4.900000000000000000e+02 -9.608718752070608389e+02 4.151026959220871504e-03
4.910000000000000000e+02 -9.608716450252949244e+02 4.381208725135365967e-03
4.920000000000000000e+02 -9.608718317596092220e+02 4.194474410837756295e-03
4.930000000000000000e+02 -9.608722827857845914e+02 3.743448235468349594e-03
4.940000000000000000e+02 -9.608720318992959619e+02 3.994334724097825529e-03
4.950000000000000000e+02 -9.608716226420108342e+02 4.403592009225576476e-03
4.960000000000000000e+02 -9.608720089754739320e+02 4.017258546127777663e-03
4.970000000000000000e+02 -9.608722333425453144e+02 3.792891474745374580e-03
4.980000000000000000e+02 -9.608716986774153384e+02 4.327556604721394251e-03
4.990000000000000000e+02 -9.608720672074731510e+02 3.959026546908717137e-03
5.000000000000000000e+02 -9.608720753179607073e+02 3.950916059352493903e-03
5.010000000000000000e+02 -9.608717684003460136e+02 4.257833674046196393e-03
5.020000000000000000e+02 -9.608719587240559576e+02 4.067509964102100639e-03
5.030000000000000000e+02 -9.608718177087126833e+02 4.208525307376476121e-03
5.040000000000000000e+02 -9.608718228129272347e+02 4.203421092825010419e-03
5.050000000000000000e+02 -9.608720555994646020e+02 3.970634555457763781e-03
5.060000000000000000e+02 -9.608721380381937252e+02 3.888195826334595040e-03
5.070000000000000000e+02 -9.608721957532524129e+02 3.830480767646804452e-03
5.080000000000000000e+02 -9.608719420613551847e+02 4.084172664875040937e-03
5.090000000000000000e+02 -9.608718569353927705e+02 4.169298627289208525e-03
5.100000000000000000e+02 -9.608721660367106097e+02 3.860197309450086323e-03
5.110000000000000000e+02 -9.608716947445417418e+02 4.331489478317962494e-03
5.120000000000000000e+02 -9.608718609501036099e+02 4.165283916449880053e-03
5.130000000000000000e+02 -9.608717197155862095e+02 4.306518433850214933e-03
5.140000000000000000e+02 -9.608722681143759701e+02 3.758119644089674694e-03
5.150000000000000000e+02 -9.608719224621235071e+02 4.103771896552643739e-03
5.160000000000000000e+02 -9.608718583884588043e+02 4.167845561255489883e-03
5.170000000000000000e+02 -9.608714721254107189e+02 4.554108609340801195e-03
5.180000000000000000e+02 -9.608726534829501134e+02 3.372751069946389180e-03
5.190000000000000000e+02 -9.608719640561140523e+02 4.062177906007491401e-03
5.200000000000000000e+02 -9.608718971289557658e+02 4.129105064293980831e-03
5.210000000000000000e+02 -9.608723026072514131e+02 3.723626768646681739e-03
5.220000000000000000e+02 -9.608714267478393367e+02 4.599486180723033613e-03
5.230000000000000000e+02 -9.608719103768918330e+02 4.115857128226707573e-03
5.240000000000000000e+02 -9.608714272576206668e+02 4.598976399392995518e-03
5.250000000000000000e+02 -9.608719994836222895e+02 4.026750397770229029e-03
5.260000000000000000e+02 -9.608722879573361979e+02 3.738276683861840866e-03
5.270000000000000000e+02 -9.608718130957138328e+02 4.213138306226937857e-03
5.280000000000000000e+02 -9.608722107473405458e+02 3.815486679513924173e-03
5.290000000000000000e+02 -9.608717414045198666e+02 4.284829500193154672e-03
5.300000000000000000e+02 -9.608721960397286921e+02 3.830194291367661208e-03
5.310000000000000000e+02 -9.608717905159993506e+02 4.235718020709100529e-03
5.320000000000000000e+02 -9.608721357421906077e+02 3.890491829452003003e-03
5.330000000000000000e+02 -9.608721947869543101e+02 3.831447065749671310e-03
5.340000000000000000e+02 -9.608718727507981612e+02 4.153483221898568445e-03
5.350000000000000000e+02 -9.608721545798694024e+02 3.871654150657377613e-03
5.360000000000000000e+02 -9.608721309656879157e+02 3.895268332144041779e-03
5.370000000000000000e+02 -9.608717377908528761e+02 4.288443167183686455e-03
5.380000000000000000e+02 -9.608719782651477317e+02 4.047968872328056023e-03
5.390000000000000000e+02 -9.608717635682796754e+02 4.262665740384363744e-03
5.400000000000000000e+02 -9.608715918076575235e+02 4.434426362536214583e-03
5.410000000000000000e+02 -9.608720891728657989e+02 3.937061154260845797e-03
5.420000000000000000e+02 -9.608721611836547254e+02 3.865050365334354865e-03
5.430000000000000000e+02 -9.608720689026803257e+02 3.957331339734082576e-03
5.440000000000000000e+02 -9.608722063154253874e+02 3.819918594672344625e-03
5.450000000000000000e+02 -9.608719615429017722e+02 4.064691118287555582e-03
5.460000000000000000e+02 -9.608719507357880047e+02 4.075498232054997061e-03
5.470000000000000000e+02 -9.608720471691610783e+02 3.979064858981473662e-03
5.480000000000000000e+02 -9.608718499397850792e+02 4.176294234980559850e-03
5.490000000000000000e+02 -9.608717478524368971e+02 4.278381583162627066e-03
5.500000000000000000e+02 -9.608721191317238208e+02 3.907102296238917916e-03
5.510000000000000000e+02 -9.608723421114602843e+02 3.684122559775460104e-03
5.520000000000000000e+02 -9.608720644239555213e+02 3.961810064538440201e-03
5.530000000000000000e+02 -9.608721363125368953e+02 3.889921483164471283e-03
5.540000000000000000e+02 -9.608716286325545752e+02 4.397601465484513028e-03
5.550000000000000000e+02 -9.608715715975625926e+02 4.454636457467131549e-03
5.560000000000000000e+02 -9.608723256473206220e+02 3.700586699437735660e-03
5.570000000000000000e+02 -9.608727113540730898e+02 3.314879946969995217e-03
5.580000000000000000e+02 -9.608720753069168268e+02 3.950927103232970694e-03
5.590000000000000000e+02 -9.608722977765324913e+02 3.728457487568448414e-03
5.600000000000000000e+02 -9.608719091568268595e+02 4.117077193200202601e-03
5.610000000000000000e+02 -9.608722109651308756e+02 3.815268889184153522e-03
5.620000000000000000e+02 -9.608721588212397364e+02 3.867412780323320476e-03
5.630000000000000000e+02 -9.608719834110778493e+02 4.042822942210477777e-03
5.640000000000000000e+02 -9.608717657544240183e+02 4.260479596041477635e-03
5.650000000000000000e+02 -9.608719448331851254e+02 4.081400834934356681e-03
5.660000000000000000e+02 -9.608721900546318011e+02 3.836179388258642575e-03
5.670000000000000000e+02 -9.608718615577397486e+02 4.164676280311141454e-03
5.680000000000000000e+02 -9.608718959306239640e+02 4.130303396095769131e-03
5.690000000000000000e+02 -9.608717992627500735e+02 4.226971269986279367e-03
5.700000000000000000e+02 -9.608721055942199882e+02 3.920639800071512582e-03
5.710000000000000000e+02 -9.608724937966155721e+02 3.532437404487609456e-03
5.720000000000000000e+02 -9.608718416552707140e+02 4.184578749345746473e-03
5.730000000000000000e+02 -9.608721154314955584e+02 3.910802524501377775e-03
5.740000000000000000e+02 -9.608720754311476639e+02 3.950802872395797749e-03
5.750000000000000000e+02 -9.608718806391989347e+02 4.145594821125087037e-03
5.760000000000000000e+02 -9.608721284819263246e+02 3.897752093735107337e-03
5.770000000000000000e+02 -9.608711181429163162e+02 4.908091103743572603e-03
5.780000000000000000e+02 -9.608720278896893205e+02 3.998344330739200814e-03
5.790000000000000000e+02 -9.608719228535784396e+02 4.103380441620174679e-03
5.800000000000000000e+02 -9.608718867627336522e+02 4.139471286407570005e-03
5.810000000000000000e+02 -9.608718831808049572e+02 4.143053215102554532e-03
5.820000000000000000e+02 -9.608722329641177566e+02 3.793269902303109120e-03
5.830000000000000000e+02 -9.608720334068033253e+02 3.992827216734440299e-03
5.840000000000000000e+02 -9.608720613636436383e+02 3.964870376421458786e-03
5.850000000000000000e+02 -9.608721641359786645e+02 3.862098041395256587e-03
5.860000000000000000e+02 -9.608719428500867252e+02 4.083383933334516769e-03
5.870000000000000000e+02 -9.608716452891948165e+02 4.380944825243204832e-03
5.880000000000000000e+02 -9.608721336305446812e+02 3.892603475378564326e-03
5.890000000000000000e+02 -9.608721017024621460e+02 3.924531557913724100e-03
5.900000000000000000e+02 -9.608721626790588743e+02 3.863554961185400316e-03
5.910000000000000000e+02 -9.608717993626029283e+02 4.226871417131405906e-03
5.920000000000000000e+02 -9.608721621491815768e+02 3.864084838482995110e-03
5.930000000000000000e+02 -9.608724941596371991e+02 3.532074382860628248e-03
5.940000000000000000e+02 -9.608719314629764767e+02 4.094771043583023129e-03
5.950000000000000000e+02 -9.608718023252912417e+02 4.223908728818059899e-03
5.960000000000000000e+02 -9.608723079152302944e+02 3.718318789765362453e-03
5.970000000000000000e+02 -9.608718705181993300e+02 4.155715820729710686e-03
5.980000000000000000e+02 -9.608723490543060279e+02 3.677179714031808544e-03
5.990000000000000000e+02 -9.608720337589837754e+02 3.992475036284304224e-03
6.000000000000000000e+02 -9.608716289356544848e+02 4.397298365574897616e-03
6.010000000000000000e+02 -9.608721628139527411e+02 3.863420067318656947e-03
6.020000000000000000e+02 -9.608725336816576146e+02 3.492552362445167091e-03
6.030000000000000000e+02 -9.608721733473631730e+02 3.852886656886767014e-03
6.040000000000000000e+02 -9.608719546783331680e+02 4.071555686891770165e-03
6.050000000000000000e+02 -9.608726229142527018e+02 3.403319767357970704e-03
6.060000000000000000e+02 -9.608718854377600564e+02 4.140796260003298812e-03
6.070000000000000000e+02 -9.608725869968687903e+02 3.439237151269480819e-03
6.080000000000000000e+02 -9.608721814713320555e+02 3.844762688004266238e-03
6.090000000000000000e+02 -9.608723046030701198e+02 3.721630949939935817e-03
6.100000000000000000e+02 -9.608721358136690469e+02 3.890420351012835454e-03
6.110000000000000000e+02 -9.608717773566730784e+02 4.248877346981316805e-03
6.120000000000000000e+02 -9.608722466671948723e+02 3.779566825187430368e-03
6.130000000000000000e+02 -9.608718285873661671e+02 4.197646653892661561e-03
6.140000000000000000e+02 -9.608720001095978205e+02 4.026124422239263367e-03
6.150000000000000000e+02 -9.608720769827414188e+02 3.949251278640986129e-03
6.160000000000000000e+02 -9.608720593690092073e+02 3.966865010852416162e-03
6.170000000000000000e+02 -9.608723735469102394e+02 3.652687109820362821e-03
6.180000000000000000e+02 -9.608723593368008551e+02 3.666897219204656722e-03
6.190000000000000000e+02 -9.608722353820255648e+02 3.790851994494914834e-03
6.200000000000000000e+02 -9.608720572814445404e+02 3.968952575519324455e-03
6.210000000000000000e+02 -9.608718262480102794e+02 4.199986009780332097e-03
6.220000000000000000e+02 -9.608724624654448689e+02 3.563768575190806587e-03
6.230000000000000000e+02 -9.608721868124986258e+02 3.839421521433905582e-03
6.240000000000000000e+02 -9.608724257577059689e+02 3.600476314090883534e-03
6.250000000000000000e+02 -9.608715252203318187e+02 4.501013688241073396e-03
6.260000000000000000e+02 -9.608722073830432464e+02 3.818850976813337184e-03
6.270000000000000000e+02 -9.608722280824332529e+02 3.798151586806852720e-03
6.280000000000000000e+02 -9.608724139233470396e+02 3.612310673020147078e-03
6.290000000000000000e+02 -9.608720995291275813e+02 3.926704892478483089e-03
6.300000000000000000e+02 -9.608723150962230193e+02 3.711137797040464648e-03
6.310000000000000000e+02 -9.608723084337268574e+02 3.717800293202344619e-03
6.320000000000000000e+02 -9.608719828888954453e+02 4.043345124614461383e-03
6.330000000000000000e+02 -9.608717401254012884e+02 4.286108618771322654e-03
6.340000000000000000e+02 -9.608725265284950865e+02 3.499705524973251158e-03
6.350000000000000000e+02 -9.608720082320147640e+02 4.018002005295784329e-03
6.360000000000000000e+02 -9.608723481166256306e+02 3.678117394429136766e-03
6.370000000000000000e+02 -9.608717274305786304e+02 4.298803441429299710e-03
6.380000000000000000e+02 -9.608722330928129622e+02 3.793141207097505685e-03
6.390000000000000000e+02 -9.608722074583589574e+02 3.818775661102336016e-03
6.400000000000000000e+02 -9.608718641641996783e+02 4.162069820381475438e-03
6.410000000000000000e+02 -9.608720596791602020e+02 3.966554859857751580e-03
6.420000000000000000e+02 -9.608719528410724706e+02 4.073392947589127289e-03
6.430000000000000000e+02 -9.608720191687841634e+02 4.007065235896334343e-03
6.440000000000000000e+02 -9.608714255036259146e+02 4.600730394145102764e-03
6.450000000000000000e+02 -9.608722762614486328e+02 3.749972571426951617e-03
6.460000000000000000e+02 -9.608716108511803213e+02 4.415382839738413168e-03
6.470000000000000000e+02 -9.608717527830909830e+02 4.273450929076716420e-03
6.480000000000000000e+02 -9.608725110796156059e+02 3.515154404453824100e-03
6.490000000000000000e+02 -9.608716755512472218e+02 4.350682772837899392e-03
6.500000000000000000e+02 -9.608719472746864767e+02 4.078959333583043190e-03
6.510000000000000000e+02 -9.608725423984634517e+02 3.483835556608028128e-03
6.520000000000000000e+02 -9.608726948234167367e+02 3.331410603323092801e-03
6.530000000000000000e+02 -9.608721716997977182e+02 3.854534222341499117e-03
6.540000000000000000e+02 -9.608717655195232510e+02 4.260714496808759577e-03
6.550000000000000000e+02 -9.608722293234206973e+02 3.796910599362490757e-03
6.560000000000000000e+02 -9.608715680335715206e+02 4.458200448539173522e-03
6.570000000000000000e+02 -9.608718600540518082e+02 4.166179968251526589e-03
6.580000000000000000e+02 -9.608729173564172470e+02 3.108877602812754049e-03
6.590000000000000000e+02 -9.608721403727037114e+02 3.885861316348382388e-03
6.600000000000000000e+02 -9.608723693189421056e+02 3.656915077954181470e-03
6.610000000000000000e+02 -9.608722193674607297e+02 3.806866559330046584e-03
6.620000000000000000e+02 -9.608718773947155114e+02 4.148839304548346263e-03
6.630000000000000000e+02 -9.608721299811245444e+02 3.896252895515317505e-03
6.640000000000000000e+02 -9.608722844508301932e+02 3.741783189866509929e-03
6.650000000000000000e+02 -9.608721201434930208e+02 3.906090527038941218e-03
6.660000000000000000e+02 -9.608719716862632367e+02 4.054547756823012605e-03
6.670000000000000000e+02 -9.608723348320860396e+02 3.691401934020177578e-03
6.680000000000000000e+02 -9.608721249479236803e+02 3.901286096379408264e-03
6.690000000000000000e+02 -9.608723711323326597e+02 3.655101687400019728e-03
6.700000000000000000e+02 -9.608722301421528300e+02 3.796091867229733907e-03
6.710000000000000000e+02 -9.608720701730924247e+02 3.956060927635007829e-03
6.720000000000000000e+02 -9.608721441207724183e+02 3.882113247641427733e-03
6.730000000000000000e+02 -9.608721141415126112e+02 3.912092507448505785e-03
6.740000000000000000e+02 -9.608724847241251155e+02 3.541509894944283587e-03
6.750000000000000000e+02 -9.608720311985135822e+02 3.995035506477506715e-03
6.760000000000000000e+02 -9.608721905840556019e+02 3.835649964457843453e-03
6.770000000000000000e+02 -9.608723535691680127e+02 3.672664852047091699e-03
6.780000000000000000e+02 -9.608724072558320586e+02 3.618978188001165108e-03
6.790000000000000000e+02 -9.608724254667430387e+02 3.600767277021077462e-03
6.800000000000000000e+02 -9.608722100810510938e+02 3.816152968965980108e-03
6.810000000000000000e+02 -9.608720787325769379e+02 3.947501443121836928e-03
6.820000000000000000e+02 -9.608721334942512158e+02 3.892739768843966885e-03
6.830000000000000000e+02 -9.608720466912765232e+02 3.979542743536512717e-03
6.840000000000000000e+02 -9.608722909814008517e+02 3.735252619208040414e-03
6.850000000000000000e+02 -9.608722922110754325e+02 3.734022944627213292e-03
6.860000000000000000e+02 -9.608723822147387637e+02 3.644019281296095869e-03
6.870000000000000000e+02 -9.608721479173195803e+02 3.878316700479444989e-03
6.880000000000000000e+02 -9.608720673778981336e+02 3.958856121926146443e-03
6.890000000000000000e+02 -9.608719622658794606e+02 4.063968140599172330e-03
6.900000000000000000e+02 -9.608724104635284675e+02 3.615770491592229519e-03
6.910000000000000000e+02 -9.608722953251607350e+02 3.730908859324699733e-03
6.920000000000000000e+02 -9.608724653148334482e+02 3.560919186611499754e-03
6.930000000000000000e+02 -9.608721651246853526e+02 3.861109334707180096e-03
6.940000000000000000e+02 -9.608722633214259758e+02 3.762912594083900331e-03
6.950000000000000000e+02 -9.608724864960393006e+02 3.539737980759127822e-03
6.960000000000000000e+02 -9.608721729569502941e+02 3.853277069765681517e-03
6.970000000000000000e+02 -9.608721502139505901e+02 3.876020069469632290e-03
6.980000000000000000e+02 -9.608723415667656127e+02 3.684667254447049345e-03
6.990000000000000000e+02 -9.608722774803577522e+02 3.748753662307535706e-03
7.000000000000000000e+02 -9.608722503608632906e+02 3.775873156769193884e-03
7.010000000000000000e+02 -9.608724539691602331e+02 3.572264859826645989e-03
7.020000000000000000e+02 -9.608724457865006343e+02 3.580447519425433711e-03
7.030000000000000000e+02 -9.608723982077161736e+02 3.628026303886144888e-03
7.040000000000000000e+02 -9.608717547989550667e+02 4.271435064993056585e-03
7.050000000000000000e+02 -9.608720591863501568e+02 3.967047669902967755e-03
7.060000000000000000e+02 -9.608724164964786496e+02 3.609737541410140693e-03
7.070000000000000000e+02 -9.608719753800023682e+02 4.050854017691563058e-03
7.080000000000000000e+02 -9.608727104057976476e+02 3.315828222412164905e-03
7.090000000000000000e+02 -9.608725761720251057e+02 3.450061994954012334e-03
7.100000000000000000e+02 -9.608722113719035178e+02 3.814862116541917203e-03
7.110000000000000000e+02 -9.608723786482458991e+02 3.647585774160688743e-03
7.120000000000000000e+02 -9.608721102402259930e+02 3.915993794066707778e-03
7.130000000000000000e+02 -9.608720486752666829e+02 3.977558753376797540e-03
7.140000000000000000e+02 -9.608724889056044276e+02 3.537328415632146061e-03
7.150000000000000000e+02 -9.608722135600579577e+02 3.812673962102053338e-03
7.160000000000000000e+02 -9.608723406024308815e+02 3.685631589178228751e-03
7.170000000000000000e+02 -9.608725211102972708e+02 3.505123722788994201e-03
7.180000000000000000e+02 -9.608722727129295436e+02 3.753521090516187542e-03
7.190000000000000000e+02 -9.608724227942213929e+02 3.603439798666840943e-03
7.200000000000000000e+02 -9.608722940136510715e+02 3.732220368988237169e-03
7.210000000000000000e+02 -9.608725079951993848e+02 3.518238820674923772e-03
7.220000000000000000e+02 -9.608728688755884377e+02 3.157358431622014905e-03
7.230000000000000000e+02 -9.608725068341195765e+02 3.519399900483222154e-03
7.240000000000000000e+02 -9.608725387933798174e+02 3.487440640242311929e-03
7.250000000000000000e+02 -9.608722308679992921e+02 3.795366020767687587e-03
7.260000000000000000e+02 -9.608724491448307390e+02 3.577089189320759033e-03
7.270000000000000000e+02 -9.608727732634939684e+02 3.252970526091303327e-03
7.280000000000000000e+02 -9.608729001859547907e+02 3.126048065269060316e-03
7.290000000000000000e+02 -9.608719367478137201e+02 4.089486206339643104e-03
7.300000000000000000e+02 -9.608723661682915917e+02 3.660065728467998269e-03
7.310000000000000000e+02 -9.608720646675634498e+02 3.961566456609943998e-03
7.320000000000000000e+02 -9.608720975788676242e+02 3.928655152435567288e-03
7.330000000000000000e+02 -9.608725258417961186e+02 3.500392223941162229e-03
7.340000000000000000e+02 -9.608721464011089211e+02 3.879832911138691998e-03
7.350000000000000000e+02 -9.608724784270556256e+02 3.547806964434130350e-03
7.360000000000000000e+02 -9.608727551620664826e+02 3.271071953577120439e-03
7.370000000000000000e+02 -9.608724820341942632e+02 3.544199825796567893e-03
7.380000000000000000e+02 -9.608728209857205229e+02 3.205248299536833656e-03
7.390000000000000000e+02 -9.608720012559925863e+02 4.024978027473480324e-03
7.400000000000000000e+02 -9.608723270775616356e+02 3.699156458424113225e-03
7.410000000000000000e+02 -9.608724352637457287e+02 3.590970274331084511e-03
7.420000000000000000e+02 -9.608724744837294338e+02 3.551750290625932394e-03
7.430000000000000000e+02 -9.608726766263532681e+02 3.349607666791598604e-03
7.440000000000000000e+02 -9.608724356822261825e+02 3.590551793877239106e-03
7.450000000000000000e+02 -9.608726367208118972e+02 3.389513208162497904e-03
7.460000000000000000e+02 -9.608730356173747396e+02 2.990616645320187672e-03
7.470000000000000000e+02 -9.608725890768937461e+02 3.437157126313650224e-03
7.480000000000000000e+02 -9.608727154206604837e+02 3.310813359576059156e-03
7.490000000000000000e+02 -9.608724888814365386e+02 3.537352583521169436e-03
7.500000000000000000e+02 -9.608727567873106636e+02 3.269446709396106598e-03
7.510000000000000000e+02 -9.608726694956509391e+02 3.356738369120648713e-03
7.520000000000000000e+02 -9.608725285096552398e+02 3.497724364819987386e-03
7.530000000000000000e+02 -9.608729214042441527e+02 3.104829775907091971e-03
7.540000000000000000e+02 -9.608726827945851028e+02 3.343439434956962941e-03
7.550000000000000000e+02 -9.608725146005413080e+02 3.511633478751718940e-03
7.560000000000000000e+02 -9.608725716426129111e+02 3.454591407148654980e-03
7.570000000000000000e+02 -9.608728462218347204e+02 3.180012185339364805e-03
7.580000000000000000e+02 -9.608723046725372114e+02 3.721561482848301239e-03
7.590000000000000000e+02 -9.608724620580389910e+02 3.564175981068729016e-03
7.600000000000000000e+02 -9.608723964120160872e+02 3.629822003972549282e-03
7.610000000000000000e+02 -9.608727574834197185e+02 3.268750600341263635e-03
7.620000000000000000e+02 -9.608727717322018407e+02 3.254501818219068809e-03
7.630000000000000000e+02 -9.608730288882741206e+02 2.997345745939128392e-03
7.640000000000000000e+02 -9.608730882571620668e+02 2.937976857992907753e-03
7.650000000000000000e+02 -9.608728972193739537e+02 3.129014646106043074e-03
7.660000000000000000e+02 -9.608728824648981117e+02 3.143769121948025713e-03
7.670000000000000000e+02 -9.608725623253637877e+02 3.463908656271996733e-03
7.680000000000000000e+02 -9.608727284727385722e+02 3.297761281487510132e-03
7.690000000000000000e+02 -9.608731259511529288e+02 2.900282867130954401e-03
7.700000000000000000e+02 -9.608726066264027850e+02 3.419607617274778022e-03
7.710000000000000000e+02 -9.608728207627648317e+02 3.205471255228076188e-03
7.720000000000000000e+02 -9.608730560939653742e+02 2.970140054685543873e-03
7.730000000000000000e+02 -9.608726715025768499e+02 3.354731443209857389e-03
7.740000000000000000e+02 -9.608727048980620111e+02 3.321335958048621251e-03
7.750000000000000000e+02 -9.608732680942437128e+02 2.758139776346979488e-03
7.760000000000000000e+02 -9.608732382801222229e+02 2.787953897836814576e-03
7.770000000000000000e+02 -9.608727090171369127e+02 3.317216883147011686e-03
7.780000000000000000e+02 -9.608729910696986281e+02 3.035164321431693679e-03
7.790000000000000000e+02 -9.608732072658909829e+02 2.818968129076893092e-03
7.800000000000000000e+02 -9.608733363323932508e+02 2.689901626808932633e-03
7.810000000000000000e+02 -9.608731321692537222e+02 2.894064766337578476e-03
7.820000000000000000e+02 -9.608733545678533119e+02 2.671666166747854732e-03
7.830000000000000000e+02 -9.608727334792604324e+02 3.292754759627314343e-03
7.840000000000000000e+02 -9.608728306448713283e+02 3.195589148731414753e-03
7.850000000000000000e+02 -9.608732501773406511e+02 2.776056679408611672e-03
7.860000000000000000e+02 -9.608729817914110072e+02 3.044442609052566695e-03
7.870000000000000000e+02 -9.608732805224594813e+02 2.745711560578456556e-03
7.880000000000000000e+02 -9.608728579028304466e+02 3.168331189613127208e-03
7.890000000000000000e+02 -9.608729089797345750e+02 3.117254285484705179e-03
7.900000000000000000e+02 -9.608727697038171982e+02 3.256530202861540602e-03
7.910000000000000000e+02 -9.608734431304128520e+02 2.583103607207704044e-03
7.920000000000000000e+02 -9.608734122097802128e+02 2.614024239846912678e-03
7.930000000000000000e+02 -9.608732794602079821e+02 2.746773812077663024e-03
7.940000000000000000e+02 -9.608736117649091284e+02 2.414469110931349860e-03
7.950000000000000000e+02 -9.608734661009002593e+02 2.560133119800411805e-03
7.960000000000000000e+02 -9.608734435479184413e+02 2.582686101618492103e-03
7.970000000000000000e+02 -9.608734013559520690e+02 2.624878067990721320e-03
7.980000000000000000e+02 -9.608730803339988142e+02 2.945900021245506650e-03
7.990000000000000000e+02 -9.608739758338022057e+02 2.050400217854075891e-03
8.000000000000000000e+02 -9.608733198660968355e+02 2.706367923224206606e-03
8.010000000000000000e+02 -9.608736989801068376e+02 2.327253913222193660e-03
8.020000000000000000e+02 -9.608733592552704295e+02 2.666978749630288803e-03
8.030000000000000000e+02 -9.608734474423266647e+02 2.578791693395032780e-03
8.040000000000000000e+02 -9.608736087992925832e+02 2.417434727476575063e-03
8.050000000000000000e+02 -9.608737628892295106e+02 2.263344790549126628e-03
8.060000000000000000e+02 -9.608735551468446374e+02 2.471087175422326254e-03
8.070000000000000000e+02 -9.608736610401714415e+02 2.365193848618218908e-03
8.080000000000000000e+02 -9.608734964796069562e+02 2.529754413103546540e-03
8.090000000000000000e+02 -9.608740095555029939e+02 2.016678517065884080e-03
8.100000000000000000e+02 -9.608737713185360008e+02 2.254915484058983566e-03
8.110000000000000000e+02 -9.608740365362692728e+02 1.989697750786945107e-03
8.120000000000000000e+02 -9.608738780283033520e+02 2.148205716707707325e-03
8.130000000000000000e+02 -9.608740054505053649e+02 2.020783514694812766e-03
8.140000000000000000e+02 -9.608742637336947610e+02 1.762500325298788084e-03
8.150000000000000000e+02 -9.608740244950184888e+02 2.001739001570967957e-03
8.160000000000000000e+02 -9.608740750264558983e+02 1.951207564161450136e-03
8.170000000000000000e+02 -9.608742956422685211e+02 1.730591751538668177e-03
8.180000000000000000e+02 -9.608736026132469306e+02 2.423620773129187000e-03
8.190000000000000000e+02 -9.608735110653666425e+02 2.515168653417276801e-03
8.200000000000000000e+02 -9.608738718816446180e+02 2.154352375441703771e-03
8.210000000000000000e+02 -9.608739854164882672e+02 2.040817531792527006e-03
8.220000000000000000e+02 -9.608735830688125361e+02 2.443165207523634308e-03
8.230000000000000000e+02 -9.608743860141952382e+02 1.640219824821542716e-03
8.240000000000000000e+02 -9.608740063702832686e+02 2.019863736791194242e-03
8.250000000000000000e+02 -9.608736602972012406e+02 2.365936818819136533e-03
8.260000000000000000e+02 -9.608740213952896738e+02 2.004838730385927192e-03
8.270000000000000000e+02 -9.608742720159467581e+02 1.754218073301672121e-03
8.280000000000000000e+02 -9.608744317584477130e+02 1.594475572346709669e-03
8.290000000000000000e+02 -9.608741735085196751e+02 1.852725500384622137e-03
8.300000000000000000e+02 -9.608740751561175557e+02 1.951077902504039230e-03
8.310000000000000000e+02 -9.608738132845195423e+02 2.212949500517424894e-03
8.320000000000000000e+02 -9.608737509942974384e+02 2.275239722621336114e-03
8.330000000000000000e+02 -9.608741053271193095e+02 1.920906900750196655e-03
8.340000000000000000e+02 -9.608740574279396469e+02 1.968806080412832671e-03
8.350000000000000000e+02 -9.608738887669111364e+02 2.137467108923374326e-03
8.360000000000000000e+02 -9.608741195511872775e+02 1.906682832782280457e-03
8.370000000000000000e+02 -9.608742289112152548e+02 1.797322804804935004e-03
8.380000000000000000e+02 -9.608740993757199931e+02 1.926858300066669472e-03
8.390000000000000000e+02 -9.608740121264775098e+02 2.014107542549936625e-03
8.400000000000000000e+02 -9.608738780138023685e+02 2.148220217691232392e-03
8.410000000000000000e+02 -9.608743808707220069e+02 1.645363298052870960e-03
8.420000000000000000e+02 -9.608741923946009820e+02 1.833839419077776256e-03
8.430000000000000000e+02 -9.608743762425416435e+02 1.649991478416268365e-03
8.440000000000000000e+02 -9.608743886474450164e+02 1.637586575043314951e-03
8.450000000000000000e+02 -9.608745644486226638e+02 1.461785397395942709e-03
8.460000000000000000e+02 -9.608746327712780158e+02 1.393462742043993785e-03
8.470000000000000000e+02 -9.608743524413431487e+02 1.673792676911034505e-03
8.480000000000000000e+02 -9.608742882111274639e+02 1.738022892595836311e-03
8.490000000000000000e+02 -9.608736542741143012e+02 2.371959905758558307e-03
8.500000000000000000e+02 -9.608749500369773386e+02 1.076197042721105390e-03
8.510000000000000000e+02 -9.608741806646415853e+02 1.845569378474465339e-03
8.520000000000000000e+02 -9.608741114630599895e+02 1.914770960070200090e-03
8.530000000000000000e+02 -9.608744440638078004e+02 1.582170212259370601e-03
8.540000000000000000e+02 -9.608746105907556512e+02 1.415643264408572577e-03
8.550000000000000000e+02 -9.608741016738354119e+02 1.924560184647816641e-03
8.560000000000000000e+02 -9.608743177006416545e+02 1.708533378405263647e-03
8.570000000000000000e+02 -9.608743710731872625e+02 1.655160832797264447e-03
8.580000000000000000e+02 -9.608746707965102587e+02 1.355437509801049600e-03
8.590000000000000000e+02 -9.608741924166968147e+02 1.833817323245057196e-03
8.600000000000000000e+02 -9.608742131152794173e+02 1.813118740642494231e-03
8.610000000000000000e+02 -9.608743379557882918e+02 1.688278231767981197e-03
8.620000000000000000e+02 -9.608741621161992725e+02 1.864117820787214441e-03
8.630000000000000000e+02 -9.608745647654707227e+02 1.461468549337041622e-03
8.640000000000000000e+02 -9.608747661796012380e+02 1.260054418821709987e-03
8.650000000000000000e+02 -9.608746131506255779e+02 1.413083394481873256e-03
8.660000000000000000e+02 -9.608744710059908130e+02 1.555228029246791266e-03
8.670000000000000000e+02 -9.608740690353333775e+02 1.957198686682204425e-03
8.680000000000000000e+02 -9.608744182938434051e+02 1.607940176654665265e-03
8.690000000000000000e+02 -9.608743359936208890e+02 1.690240399170761521e-03
8.700000000000000000e+02 -9.608745560268413328e+02 1.470207178726923303e-03
8.710000000000000000e+02 -9.608743497608161306e+02 1.676473203929162992e-03
8.720000000000000000e+02 -9.608745297218893029e+02 1.496512130756855186e-03
8.730000000000000000e+02 -9.608742614874223591e+02 1.764746597700650454e-03
8.740000000000000000e+02 -9.608748270861667606e+02 1.199147853299109556e-03
8.750000000000000000e+02 -9.608746096783364692e+02 1.416555683590559056e-03
8.760000000000000000e+02 -9.608750227346321253e+02 1.003499387934425613e-03
8.770000000000000000e+02 -9.608745394270631550e+02 1.486806956904729304e-03
8.780000000000000000e+02 -9.608746959641529202e+02 1.330269867139577400e-03
8.790000000000000000e+02 -9.608744585815602477e+02 1.567652459812052257e-03
8.800000000000000000e+02 -9.608751529312393131e+02 8.733027807465987280e-04
8.810000000000000000e+02 -9.608747280015440992e+02 1.298232475960503507e-03
8.820000000000000000e+02 -9.608747633382623690e+02 1.262895757690785103e-03
8.830000000000000000e+02 -9.608748007054194886e+02 1.225528600571124116e-03
8.840000000000000000e+02 -9.608743753957368199e+02 1.650838283239863813e-03
8.850000000000000000e+02 -9.608744739934579684e+02 1.552240562091355969e-03
8.860000000000000000e+02 -9.608749605971239589e+02 1.065636896100841113e-03
8.870000000000000000e+02 -9.608744515326513920e+02 1.574701368667774659e-03
8.880000000000000000e+02 -9.608743400923436866e+02 1.686141676373154041e-03
8.890000000000000000e+02 -9.608746846523459908e+02 1.341581674068947905e-03
8.900000000000000000e+02 -9.608741149821009913e+02 1.911251919068490679e-03
8.910000000000000000e+02 -9.608746374904102368e+02 1.388743609822995495e-03
8.920000000000000000e+02 -9.608750141177276873e+02 1.012116292372411408e-03
8.930000000000000000e+02 -9.608747073484075827e+02 1.318885612477060931e-03
8.940000000000000000e+02 -9.608745556399636598e+02 1.470594056399932015e-03
8.950000000000000000e+02 -9.608744582354655677e+02 1.567998554492078256e-03
8.960000000000000000e+02 -9.608747760718214295e+02 1.250162198630277999e-03
8.970000000000000000e+02 -9.608744325428853017e+02 1.593691134758046246e-03
8.980000000000000000e+02 -9.608743599252343301e+02 1.666308785729597730e-03
8.990000000000000000e+02 -9.608744958005542003e+02 1.530433465859459830e-03
9.000000000000000000e+02 -9.608747278338234992e+02 1.298400196560578479e-03
9.010000000000000000e+02 -9.608742597692701111e+02 1.766464749948681856e-03
9.020000000000000000e+02 -9.608743794620631888e+02 1.646771956870907161e-03
9.030000000000000000e+02 -9.608746811137187933e+02 1.345120301266433671e-03
9.040000000000000000e+02 -9.608743845318414287e+02 1.641702178631021525e-03
9.050000000000000000e+02 -9.608748506637215314e+02 1.175570298528327839e-03
9.060000000000000000e+02 -9.608748297431276342e+02 1.196490892425572383e-03
9.070000000000000000e+02 -9.608744006435620122e+02 1.625590458047554421e-03
9.080000000000000000e+02 -9.608751778724591759e+02 8.483615608838590560e-04
9.090000000000000000e+02 -9.608746893681079655e+02 1.336865912094253872e-03
9.100000000000000000e+02 -9.608748222739794755e+02 1.203960040584206581e-03
9.110000000000000000e+02 -9.608743896709329420e+02 1.636563087117792747e-03
9.120000000000000000e+02 -9.608746211283838647e+02 1.405105636195003171e-03
9.130000000000000000e+02 -9.608752564710655406e+02 7.697629545191375655e-04
9.140000000000000000e+02 -9.608748121399034972e+02 1.214094116562591807e-03
9.150000000000000000e+02 -9.608748465953415234e+02 1.179638678536321095e-03
9.160000000000000000e+02 -9.608749764568400451e+02 1.049777180014643818e-03
9.170000000000000000e+02 -9.608748823285126264e+02 1.143905507433373714e-03
9.180000000000000000e+02 -9.608750370336346123e+02 9.892003854474751279e-04
9.190000000000000000e+02 -9.608743405652087404e+02 1.685668811319374072e-03
9.200000000000000000e+02 -9.608750065891262011e+02 1.019644893858639989e-03
9.210000000000000000e+02 -9.608745541359362505e+02 1.472098083809214586e-03
9.220000000000000000e+02 -9.608746313093148501e+02 1.394924705209632521e-03
9.230000000000000000e+02 -9.608747420138821553e+02 1.284220137904412695e-03
9.240000000000000000e+02 -9.608744129737181083e+02 1.613260301951413567e-03
9.250000000000000000e+02 -9.608744541062027338e+02 1.572127817325963406e-03
9.260000000000000000e+02 -9.608744459720527402e+02 1.580261967319529504e-03
9.270000000000000000e+02 -9.608745865804543200e+02 1.439653565739718033e-03
9.280000000000000000e+02 -9.608741482149791864e+02 1.878019040873368795e-03
9.290000000000000000e+02 -9.608749285135777427e+02 1.097720442317040579e-03
9.300000000000000000e+02 -9.608748879429591625e+02 1.138291060897245188e-03
9.310000000000000000e+02 -9.608748433196473115e+02 1.182914372748200549e-03
9.320000000000000000e+02 -9.608746814611806712e+02 1.344772839388497232e-03
9.330000000000000000e+02 -9.608747114012976454e+02 1.314832722414394084e-03
9.340000000000000000e+02 -9.608752975954004114e+02 7.286386196483363165e-04
9.350000000000000000e+02 -9.608749131792702656e+02 1.113054749794173404e-03
9.360000000000000000e+02 -9.608746069954155473e+02 1.419238604512429447e-03
9.370000000000000000e+02 -9.608750097096885838e+02 1.016524331475920917e-03
9.380000000000000000e+02 -9.608746267032728383e+02 1.399530747221433558e-03
9.390000000000000000e+02 -9.608748961140837537e+02 1.130119936306073214e-03
9.400000000000000000e+02 -9.608746548572747770e+02 1.371376745282759657e-03
9.410000000000000000e+02 -9.608750759987231049e+02 9.502352969548155670e-04
9.420000000000000000e+02 -9.608748090740430143e+02 1.217159977045412234e-03
9.430000000000000000e+02 -9.608747519214979320e+02 1.274312522127729608e-03
9.440000000000000000e+02 -9.608746965348947242e+02 1.329699125335537246e-03
9.450000000000000000e+02 -9.608746714374426574e+02 1.354796577402339608e-03
9.460000000000000000e+02 -9.608748750537865817e+02 1.151180233478044102e-03
9.470000000000000000e+02 -9.608747642350404021e+02 1.261998979657619202e-03
9.480000000000000000e+02 -9.608746979731907913e+02 1.328260829268401721e-03
9.490000000000000000e+02 -9.608752122435852243e+02 8.139904348354320973e-04
9.500000000000000000e+02 -9.608746322060501370e+02 1.394027969922717602e-03
9.510000000000000000e+02 -9.608750414320015807e+02 9.848020184790584608e-04
9.520000000000000000e+02 -9.608748495350441772e+02 1.176698975882572995e-03
9.530000000000000000e+02 -9.608745589952367254e+02 1.467238783334323671e-03
9.540000000000000000e+02 -9.608750523144251474e+02 9.739195949123313767e-04
9.550000000000000000e+02 -9.608745380551150674e+02 1.488178904992309981e-03
9.560000000000000000e+02 -9.608746302945675097e+02 1.395939452550010174e-03
9.570000000000000000e+02 -9.608750575286610456e+02 9.687053590141658788e-04
9.580000000000000000e+02 -9.608749079072337054e+02 1.118326786354373326e-03
9.590000000000000000e+02 -9.608751076534665572e+02 9.185805535025792778e-04
9.600000000000000000e+02 -9.608746205204689659e+02 1.405713551093867864e-03
9.610000000000000000e+02 -9.608748230928787279e+02 1.203141141331798281e-03
9.620000000000000000e+02 -9.608747855637615203e+02 1.240670258539466886e-03
9.630000000000000000e+02 -9.608755612153448737e+02 4.650186751860019285e-04
9.640000000000000000e+02 -9.608754221531273743e+02 6.040808926854879246e-04
9.650000000000000000e+02 -9.608753593766222139e+02 6.668573978458880447e-04
9.660000000000000000e+02 -9.608755452657788965e+02 4.809682411632820731e-04
9.670000000000000000e+02 -9.608753401356808581e+02 6.860983392016350990e-04
9.680000000000000000e+02 -9.608754423961269140e+02 5.838378931457555154e-04
9.690000000000000000e+02 -9.608754564699431739e+02 5.697640768858036608e-04
9.700000000000000000e+02 -9.608753695726157957e+02 6.566614042640139814e-04
9.710000000000000000e+02 -9.608756106866148912e+02 4.155474051685814629e-04
9.720000000000000000e+02 -9.608756249937305256e+02 4.012402895341438125e-04
9.730000000000000000e+02 -9.608756113422773524e+02 4.148917427073683939e-04
9.740000000000000000e+02 -9.608747999629198375e+02 1.226271100222220412e-03
9.750000000000000000e+02 -9.608753884266533305e+02 6.378073667292483151e-04
9.760000000000000000e+02 -9.608754944608443793e+02 5.317731756804278120e-04
9.770000000000000000e+02 -9.608754192281609221e+02 6.070058591376437107e-04
9.780000000000000000e+02 -9.608755544206410377e+02 4.718133790220235824e-04
9.790000000000000000e+02 -9.608755511322369784e+02 4.751017830812998000e-04
9.800000000000000000e+02 -9.608752290328197887e+02 7.972012002710471279e-04
9.810000000000000000e+02 -9.608760015936908303e+02 2.464032922944170423e-05
9.820000000000000000e+02 -9.608753854481868757e+02 6.407858331840543542e-04
9.830000000000000000e+02 -9.608756135497060313e+02 4.126843140284108813e-04
9.840000000000000000e+02 -9.608751419773544740e+02 8.842566655857808655e-04
9.850000000000000000e+02 -9.608750351406042682e+02 9.910934157915107789e-04
9.860000000000000000e+02 -9.608759001470681369e+02 1.260869519228435820e-04
9.870000000000000000e+02 -9.608755229716002759e+02 5.032624197838231339e-04
9.880000000000000000e+02 -9.608756027564185160e+02 4.234776015437091701e-04
9.890000000000000000e+02 -9.608754646425624060e+02 5.615914576537761604e-04
9.900000000000000000e+02 -9.608755299476518985e+02 4.962863681612361688e-04
9.910000000000000000e+02 -9.608755979900067814e+02 4.282440132783449371e-04
9.920000000000000000e+02 -9.608753996830381539e+02 6.265509819058934227e-04
9.930000000000000000e+02 -9.608754559173903544e+02 5.703166297053030576e-04
9.940000000000000000e+02 -9.608755790649449864e+02 4.471690750733614550e-04
9.950000000000000000e+02 -9.608760306141654155e+02 4.380145355753484182e-06
9.960000000000000000e+02 -9.608753737103787671e+02 6.525236412926460616e-04
9.970000000000000000e+02 -9.608750426710377042e+02 9.835629823555791518e-04
9.980000000000000000e+02 -9.608763228213055072e+02 2.965872854474582709e-04
9.990000000000000000e+02 -9.608755195551435691e+02 5.066788764906959841e-04
1.000000000000000000e+03 -9.608752705750130190e+02 7.556590070407764870e-04
1.001000000000000000e+03 -9.608756135643806147e+02 4.126696394450846128e-04
1.002000000000000000e+03 -9.608757660701533041e+02 2.601638667556471773e-04
1.003000000000000000e+03 -9.608756354668403219e+02 3.907671797378498013e-04
1.004000000000000000e+03 -9.608755757160588473e+02 4.505179612124265986e-04
1.005000000000000000e+03 -9.608753858286714831e+02 6.404053485766780796e-04
1.006000000000000000e+03 -9.608754319931805412e+02 5.942408395185339032e-04
1.007000000000000000e+03 -9.608757255927768028e+02 3.006412432569049997e-04
1.008000000000000000e+03 -9.608756048260861462e+02 4.214079339135423652e-04
1.009000000000000000e+03 -9.608755057931776946e+02 5.204408423651329940e-04
1.010000000000000000e+03 -9.608754762146760413e+02 5.500193440184375504e-04
1.011000000000000000e+03 -9.608753335796936881e+02 6.926543263716666843e-04
1.012000000000000000e+03 -9.608754916494580129e+02 5.345845620468026027e-04
1.013000000000000000e+03 -9.608758215756174650e+02 2.046584025947595364e-04
1.014000000000000000e+03 -9.608756344853343307e+02 3.917486857289986801e-04
1.015000000000000000e+03 -9.608758157812929994e+02 2.104527270603284705e-04
1.016000000000000000e+03 -9.608756351925915169e+02 3.910414285428487347e-04
1.017000000000000000e+03 -9.608755688299064559e+02 4.574041136038431432e-04
1.018000000000000000e+03 -9.608755621140771837e+02 4.641199428760955925e-04
1.019000000000000000e+03 -9.608754555446859058e+02 5.706893341539398534e-04
1.020000000000000000e+03 -9.608746594536502243e+02 1.366780369835396414e-03
1.021000000000000000e+03 -9.608754118667336570e+02 6.143672864027394098e-04
1.022000000000000000e+03 -9.608758160171188365e+02 2.102169012232479872e-04
