-1.579891878142407435e+01
-1.579831367975524969e+01
-1.195229086058039236e+00
-9.121530151819721155e-01
-5.600456785777697677e-01
-4.667866847622879067e-01
-4.667866847622870186e-01
-2.002412723609564571e-02
-2.002412723609395956e-02
2.098332931121622003e-01
5.674056404842179324e-01
6.093135110164757950e-01
6.093135110164789037e-01
6.121206748295789923e-01
6.815939716254816316e-01
6.872324269715182066e-01
6.872324269715199829e-01
1.051868108198339646e+00
1.100410835462968251e+00
1.100410835462971582e+00
1.107894921528403964e+00
1.107894921528405963e+00
1.353379680846972910e+00
1.353379680846973354e+00
1.638786567288261997e+00
1.739834883406551791e+00
1.739834883406553123e+00
1.931608591497145921e+00
3.083893028635816158e+00
3.083893028635818379e+00
3.118494501151997778e+00
3.246676105548194524e+00
3.246676105548198521e+00
3.765758871965791954e+00
3.865527102579773722e+00
3.865527102579773722e+00
3.919642042592800912e+00
3.952769234591611891e+00
3.952769234591612779e+00
4.135650673110628617e+00
4.135650673110628617e+00
4.207780542116302591e+00
4.207780542116303479e+00
4.423264777001705284e+00
4.423264777001707060e+00
4.719822811584440281e+00
4.719822811584442945e+00
4.750692992436368556e+00
4.750692992436369444e+00
4.855526565078455370e+00
4.855526565078458034e+00
4.867571366297362978e+00
4.867571366297363866e+00
4.934041478643886869e+00
5.293144439029659587e+00
5.377362799835696983e+00
5.431848773693300991e+00
5.431848773693302768e+00
5.998555915868711175e+00
7.430815884395063797e+00
