2,3,-108.096290,-0.000000
2,4,-108.215932,-0.002682
2,5,-108.217569,-0.002648
2,8,-108.219558,-0.004627
2,9,-108.217747,-0.004629
2,10,-108.096407,-0.000118
2,11,-108.096437,-0.000117
2,12,-108.104038,-0.000286
2,13,-108.096552,-0.000120
2,14,-108.104015,-0.000285
2,15,-108.096405,-0.000116
2,16,-108.096885,-0.000595
2,17,-108.096938,-0.000649
2,18,-108.096792,-0.000502
2,19,-108.096398,-0.000108
2,20,-108.096405,-0.000108
2,21,-108.096400,-0.000110
2,22,-108.100072,-0.003782
2,23,-108.101635,-0.005346
2,24,-108.096399,-0.000110
2,25,-108.096403,-0.000108
2,26,-108.096398,-0.000108
2,27,-108.096958,-0.000669
2,28,-108.096323,-0.000034
2,29,-108.096361,-0.000035
2,30,-108.096564,-0.000042
2,31,-108.096361,-0.000035
2,32,-108.096563,-0.000042
2,33,-108.096323,-0.000033
2,34,-108.096326,-0.000037
2,35,-108.096336,-0.000037
2,36,-108.096357,-0.000037
2,37,-108.096347,-0.000036
2,38,-108.096326,-0.000037
2,39,-108.096326,-0.000037
2,40,-108.096326,-0.000037
2,41,-108.096326,-0.000036
2,42,-108.096362,-0.000037
2,43,-108.096338,-0.000036
2,44,-108.096360,-0.000036
2,45,-108.096326,-0.000036
2,46,-108.096332,-0.000035
2,47,-108.096357,-0.000036
2,48,-108.096631,-0.000342
2,49,-108.096361,-0.000072
3,4,-108.215853,-0.002602
3,5,-108.217540,-0.002619
3,8,-108.219565,-0.004634
3,9,-108.217750,-0.004632
3,10,-108.096407,-0.000117
3,11,-108.096437,-0.000117
3,12,-108.104041,-0.000289
3,13,-108.096553,-0.000120
3,14,-108.104015,-0.000284
3,15,-108.096406,-0.000117
3,16,-108.096950,-0.000660
3,17,-108.096881,-0.000591
3,18,-108.096965,-0.000676
3,19,-108.096398,-0.000108
3,20,-108.096405,-0.000108
3,21,-108.096400,-0.000110
3,22,-108.101634,-0.005344
3,23,-108.100077,-0.003788
3,24,-108.096400,-0.000110
3,25,-108.096403,-0.000108
3,26,-108.096398,-0.000108
3,27,-108.096787,-0.000497
3,28,-108.096323,-0.000033
3,29,-108.096360,-0.000035
3,30,-108.096564,-0.000042
3,31,-108.096361,-0.000035
3,32,-108.096564,-0.000042
3,33,-108.096323,-0.000034
3,34,-108.096326,-0.000036
3,35,-108.096336,-0.000036
3,36,-108.096357,-0.000036
3,37,-108.096348,-0.000036
3,38,-108.096326,-0.000037
3,39,-108.096326,-0.000036
3,40,-108.096326,-0.000036
3,41,-108.096326,-0.000036
3,42,-108.096362,-0.000037
3,43,-108.096338,-0.000036
3,44,-108.096360,-0.000036
3,45,-108.096326,-0.000037
3,46,-108.096332,-0.000036
3,47,-108.096358,-0.000036
3,48,-108.096760,-0.000470
3,49,-108.096362,-0.000072
4,5,-108.260759,0.071123
4,8,-108.489100,-0.157207
4,9,-108.402149,-0.072070
4,10,-108.213346,-0.000095
4,11,-108.213317,-0.000036
4,12,-108.222085,-0.001372
4,13,-108.213442,-0.000048
4,14,-108.222053,-0.001361
4,15,-108.213494,-0.000243
4,16,-108.213491,-0.000240
4,17,-108.213491,-0.000240
4,18,-108.213290,-0.000039
4,19,-108.213262,-0.000011
4,20,-108.214012,-0.000754
4,21,-108.214026,-0.000775
4,22,-108.214324,-0.001073
4,23,-108.214326,-0.001075
4,24,-108.214026,-0.000775
4,25,-108.214012,-0.000756
4,26,-108.213262,-0.000011
4,27,-108.213290,-0.000039
4,28,-108.213263,-0.000012
4,29,-108.213398,-0.000111
4,30,-108.214479,-0.000995
4,31,-108.213400,-0.000112
4,32,-108.214476,-0.000993
4,33,-108.213263,-0.000012
4,34,-108.213348,-0.000097
4,35,-108.213412,-0.000151
4,36,-108.213580,-0.000298
4,37,-108.213605,-0.000332
4,38,-108.213434,-0.000183
4,39,-108.213451,-0.000201
4,40,-108.213335,-0.000084
4,41,-108.213455,-0.000204
4,42,-108.213471,-0.000184
4,43,-108.213520,-0.000256
4,44,-108.213459,-0.000174
4,45,-108.213279,-0.000028
4,46,-108.213511,-0.000254
4,47,-108.213444,-0.000161
4,48,-108.213293,-0.000042
4,49,-108.213483,-0.000232
5,8,-108.403832,-0.070270
5,9,-108.488972,-0.157223
5,10,-108.214954,-0.000033
5,11,-108.215049,-0.000097
5,12,-108.223794,-0.001411
5,13,-108.215323,-0.000260
5,14,-108.223775,-0.001413
5,15,-108.214953,-0.000032
5,16,-108.215161,-0.000240
5,17,-108.215161,-0.000240
5,18,-108.214965,-0.000044
5,19,-108.214932,-0.000011
5,20,-108.215708,-0.000780
5,21,-108.215669,-0.000749
5,22,-108.215974,-0.001053
5,23,-108.215975,-0.001054
5,24,-108.215670,-0.000749
5,25,-108.215707,-0.000781
5,26,-108.214932,-0.000011
5,27,-108.214964,-0.000043
5,28,-108.214936,-0.000016
5,29,-108.215063,-0.000106
5,30,-108.216151,-0.000998
5,31,-108.215065,-0.000107
5,32,-108.216148,-0.000996
5,33,-108.214936,-0.000016
5,34,-108.214953,-0.000032
5,35,-108.214972,-0.000041
5,36,-108.215034,-0.000082
5,37,-108.215041,-0.000099
5,38,-108.214996,-0.000075
5,39,-108.214986,-0.000065
5,40,-108.214987,-0.000066
5,41,-108.215005,-0.000084
5,42,-108.215126,-0.000169
5,43,-108.215405,-0.000471
5,44,-108.215451,-0.000496
5,45,-108.214946,-0.000025
5,46,-108.215387,-0.000459
5,47,-108.215439,-0.000486
5,48,-108.214966,-0.000045
5,49,-108.215161,-0.000240
8,9,-108.260746,0.071014
8,10,-108.214949,-0.000018
8,11,-108.216483,-0.001521
8,12,-108.214957,0.007437
8,13,-108.223031,-0.007957
8,14,-108.215110,0.007262
8,15,-108.214949,-0.000018
8,16,-108.215060,-0.000129
8,17,-108.215064,-0.000133
8,18,-108.215107,-0.000176
8,19,-108.215344,-0.000413
8,20,-108.214935,0.000003
8,21,-108.215317,-0.000386
8,22,-108.215150,-0.000219
8,23,-108.215153,-0.000222
8,24,-108.215324,-0.000393
8,25,-108.214935,0.000002
8,26,-108.215368,-0.000437
8,27,-108.215110,-0.000179
8,28,-108.214939,-0.000008
8,29,-108.215254,-0.000287
8,30,-108.214952,0.000212
8,31,-108.215851,-0.000884
8,32,-108.215048,0.000115
8,33,-108.214939,-0.000008
8,34,-108.214948,-0.000017
8,35,-108.214959,-0.000019
8,36,-108.214945,0.000017
8,37,-108.214947,0.000006
8,38,-108.214940,-0.000009
8,39,-108.214960,-0.000029
8,40,-108.214958,-0.000027
8,41,-108.214961,-0.000030
8,42,-108.215024,-0.000057
8,43,-108.215117,-0.000174
8,44,-108.215084,-0.000119
8,45,-108.214972,-0.000041
8,46,-108.215334,-0.000396
8,47,-108.215092,-0.000129
8,48,-108.214953,-0.000022
8,49,-108.214933,-0.000002
9,10,-108.214703,-0.001585
9,11,-108.213136,0.000013
9,12,-108.213143,0.007437
9,13,-108.213136,0.000125
9,14,-108.213143,0.007416
9,15,-108.221223,-0.008105
9,16,-108.213246,-0.000128
9,17,-108.213259,-0.000141
9,18,-108.213744,-0.000626
9,19,-108.213534,-0.000416
9,20,-108.213504,-0.000379
9,21,-108.213122,-0.000004
9,22,-108.213126,-0.000008
9,23,-108.213127,-0.000009
9,24,-108.213122,-0.000004
9,25,-108.213513,-0.000389
9,26,-108.213543,-0.000425
9,27,-108.213778,-0.000660
9,28,-108.213536,-0.000418
9,29,-108.213125,0.000029
9,30,-108.213124,0.000227
9,31,-108.213125,0.000029
9,32,-108.213124,0.000227
9,33,-108.214229,-0.001111
9,34,-108.213199,-0.000081
9,35,-108.213235,-0.000107
9,36,-108.213253,-0.000104
9,37,-108.213270,-0.000131
9,38,-108.213495,-0.000377
9,39,-108.213153,-0.000035
9,40,-108.213174,-0.000056
9,41,-108.213210,-0.000092
9,42,-108.213184,-0.000030
9,43,-108.213121,0.000010
9,44,-108.213124,0.000028
9,45,-108.213266,-0.000148
9,46,-108.213122,0.000003
9,47,-108.213126,0.000024
9,48,-108.213315,-0.000197
9,49,-108.213231,-0.000113
10,11,-108.096320,0.000000
10,12,-108.103752,0.000000
10,13,-108.096433,0.000000
10,14,-108.103730,0.000000
10,15,-108.096290,-0.000000
10,16,-108.096290,0.000000
10,17,-108.096290,-0.000000
10,18,-108.096290,0.000000
10,19,-108.096290,0.000000
10,20,-108.096297,0.000000
10,21,-108.096290,0.000000
10,22,-108.096290,-0.000000
10,23,-108.096290,-0.000000
10,24,-108.096290,-0.000000
10,25,-108.096295,0.000000
10,26,-108.096290,0.000000
10,27,-108.096290,-0.000000
10,28,-108.096290,0.000000
10,29,-108.096326,0.000000
10,30,-108.096523,0.000000
10,31,-108.096326,0.000000
10,32,-108.096522,0.000000
10,33,-108.096290,-0.000000
10,34,-108.096290,-0.000000
10,35,-108.096299,0.000000
10,36,-108.096321,0.000000
10,37,-108.096311,0.000000
10,38,-108.096290,-0.000000
10,39,-108.096290,-0.000000
10,40,-108.096290,-0.000000
10,41,-108.096290,-0.000000
10,42,-108.096326,0.000000
10,43,-108.096302,0.000000
10,44,-108.096324,-0.000000
10,45,-108.096290,-0.000000
10,46,-108.096296,0.000000
10,47,-108.096322,0.000000
10,48,-108.096290,0.000000
10,49,-108.096290,0.000000
11,12,-108.103783,-0.000001
11,13,-108.096494,-0.000031
11,14,-108.103748,0.000013
11,15,-108.096320,0.000000
11,16,-108.096320,0.000000
11,17,-108.096320,0.000000
11,18,-108.096320,0.000000
11,19,-108.096320,0.000000
11,20,-108.096327,-0.000000
11,21,-108.096320,0.000000
11,22,-108.096320,0.000000
11,23,-108.096320,0.000000
11,24,-108.096320,0.000000
11,25,-108.096326,-0.000000
11,26,-108.096320,-0.000000
11,27,-108.096320,0.000000
11,28,-108.096320,0.000000
11,29,-108.096354,0.000002
11,30,-108.096555,-0.000002
11,31,-108.096355,0.000002
11,32,-108.096554,-0.000002
11,33,-108.096320,0.000000
11,34,-108.096320,0.000000
11,35,-108.096330,0.000000
11,36,-108.096351,-0.000000
11,37,-108.096342,0.000000
11,38,-108.096320,0.000000
11,39,-108.096320,0.000000
11,40,-108.096320,0.000000
11,41,-108.096320,0.000000
11,42,-108.096356,-0.000000
11,43,-108.096333,-0.000000
11,44,-108.096354,0.000000
11,45,-108.096320,0.000000
11,46,-108.096327,-0.000000
11,47,-108.096352,0.000000
11,48,-108.096320,0.000000
11,49,-108.096320,0.000000
12,13,-108.103914,-0.000019
12,14,-108.113871,-0.002679
12,15,-108.103752,0.000000
12,16,-108.103752,0.000000
12,17,-108.103752,0.000000
12,18,-108.103752,-0.000000
12,19,-108.103752,-0.000000
12,20,-108.103760,-0.000001
12,21,-108.103752,0.000000
12,22,-108.103752,0.000000
12,23,-108.103752,0.000000
12,24,-108.103752,0.000000
12,25,-108.103758,-0.000001
12,26,-108.103752,0.000000
12,27,-108.103752,0.000000
12,28,-108.103752,-0.000000
12,29,-108.103805,-0.000017
12,30,-108.104076,-0.000091
12,31,-108.103798,-0.000010
12,32,-108.104028,-0.000044
12,33,-108.103752,0.000000
12,34,-108.103752,0.000000
12,35,-108.103762,-0.000001
12,36,-108.103785,-0.000002
12,37,-108.103774,-0.000000
12,38,-108.103752,-0.000000
12,39,-108.103752,-0.000000
12,40,-108.103752,0.000000
12,41,-108.103752,0.000000
12,42,-108.103788,-0.000000
12,43,-108.103765,-0.000001
12,44,-108.103788,-0.000002
12,45,-108.103752,-0.000000
12,46,-108.103759,-0.000000
12,47,-108.103785,-0.000001
12,48,-108.103752,0.000000
12,49,-108.103752,-0.000000
13,14,-108.103877,-0.000004
13,15,-108.096433,-0.000000
13,16,-108.096433,-0.000000
13,17,-108.096433,-0.000000
13,18,-108.096433,-0.000000
13,19,-108.096433,-0.000000
13,20,-108.096440,0.000000
13,21,-108.096433,-0.000000
13,22,-108.096433,-0.000000
13,23,-108.096433,0.000000
13,24,-108.096433,0.000000
13,25,-108.096438,0.000000
13,26,-108.096433,0.000000
13,27,-108.096433,0.000000
13,28,-108.096433,-0.000000
13,29,-108.096465,0.000004
13,30,-108.096670,-0.000005
13,31,-108.096465,0.000004
13,32,-108.096671,-0.000006
13,33,-108.096433,0.000000
13,34,-108.096433,0.000000
13,35,-108.096442,0.000000
13,36,-108.096464,-0.000000
13,37,-108.096454,0.000000
13,38,-108.096433,0.000000
13,39,-108.096433,0.000000
13,40,-108.096433,0.000000
13,41,-108.096433,0.000000
13,42,-108.096469,-0.000000
13,43,-108.096446,-0.000000
13,44,-108.096467,0.000000
13,45,-108.096433,0.000000
13,46,-108.096440,-0.000000
13,47,-108.096464,0.000000
13,48,-108.096433,0.000000
13,49,-108.096433,-0.000000
14,15,-108.103730,0.000000
14,16,-108.103730,0.000000
14,17,-108.103730,0.000000
14,18,-108.103730,0.000000
14,19,-108.103730,0.000000
14,20,-108.103737,0.000001
14,21,-108.103730,0.000000
14,22,-108.103730,-0.000000
14,23,-108.103730,0.000000
14,24,-108.103730,0.000000
14,25,-108.103735,0.000000
14,26,-108.103730,-0.000000
14,27,-108.103730,0.000000
14,28,-108.103730,0.000000
14,29,-108.103779,-0.000012
14,30,-108.104004,-0.000041
14,31,-108.103787,-0.000020
14,32,-108.104050,-0.000087
14,33,-108.103730,0.000000
14,34,-108.103730,0.000000
14,35,-108.103740,-0.000000
14,36,-108.103762,-0.000000
14,37,-108.103753,-0.000001
14,38,-108.103730,-0.000000
14,39,-108.103730,-0.000000
14,40,-108.103730,-0.000000
14,41,-108.103730,0.000000
14,42,-108.103769,-0.000002
14,43,-108.103744,-0.000000
14,44,-108.103765,-0.000000
14,45,-108.103730,-0.000000
14,46,-108.103738,-0.000000
14,47,-108.103764,-0.000002
14,48,-108.103730,0.000000
14,49,-108.103730,-0.000000
15,16,-108.096290,-0.000000
15,17,-108.096290,-0.000000
15,18,-108.096290,-0.000000
15,19,-108.096290,0.000000
15,20,-108.096297,0.000000
15,21,-108.096290,-0.000000
15,22,-108.096290,-0.000000
15,23,-108.096290,-0.000000
15,24,-108.096290,0.000000
15,25,-108.096295,0.000000
15,26,-108.096290,0.000000
15,27,-108.096290,0.000000
15,28,-108.096290,-0.000000
15,29,-108.096326,0.000000
15,30,-108.096523,0.000000
15,31,-108.096326,0.000000
15,32,-108.096522,0.000000
15,33,-108.096290,0.000000
15,34,-108.096290,-0.000000
15,35,-108.096299,0.000000
15,36,-108.096321,0.000000
15,37,-108.096311,0.000000
15,38,-108.096290,-0.000000
15,39,-108.096290,-0.000000
15,40,-108.096290,-0.000000
15,41,-108.096290,-0.000000
15,42,-108.096326,0.000000
15,43,-108.096302,0.000000
15,44,-108.096324,-0.000000
15,45,-108.096290,0.000000
15,46,-108.096296,0.000000
15,47,-108.096322,0.000000
15,48,-108.096290,-0.000000
15,49,-108.096290,0.000000
16,17,-108.096290,-0.000000
16,18,-108.096290,-0.000000
16,19,-108.096290,0.000000
16,20,-108.096297,0.000000
16,21,-108.096290,0.000000
16,22,-108.096290,-0.000000
16,23,-108.096290,-0.000000
16,24,-108.096290,-0.000000
16,25,-108.096295,0.000000
16,26,-108.096290,0.000000
16,27,-108.096290,-0.000000
16,28,-108.096290,-0.000000
16,29,-108.096326,0.000000
16,30,-108.096523,-0.000000
16,31,-108.096326,0.000000
16,32,-108.096522,0.000000
16,33,-108.096290,-0.000000
16,34,-108.096290,-0.000000
16,35,-108.096299,0.000000
16,36,-108.096321,0.000000
16,37,-108.096311,-0.000000
16,38,-108.096290,-0.000000
16,39,-108.096290,-0.000000
16,40,-108.096290,-0.000000
16,41,-108.096290,-0.000000
16,42,-108.096326,0.000000
16,43,-108.096302,0.000000
16,44,-108.096324,-0.000000
16,45,-108.096290,-0.000000
16,46,-108.096296,0.000000
16,47,-108.096322,-0.000000
16,48,-108.096290,0.000000
16,49,-108.096290,0.000000
17,18,-108.096290,-0.000000
17,19,-108.096290,0.000000
17,20,-108.096297,0.000000
17,21,-108.096290,-0.000000
17,22,-108.096290,-0.000000
17,23,-108.096290,-0.000000
17,24,-108.096290,0.000000
17,25,-108.096295,0.000000
17,26,-108.096290,0.000000
17,27,-108.096290,-0.000000
17,28,-108.096290,-0.000000
17,29,-108.096326,0.000000
17,30,-108.096523,0.000000
17,31,-108.096326,0.000000
17,32,-108.096522,-0.000000
17,33,-108.096290,0.000000
17,34,-108.096290,-0.000000
17,35,-108.096299,-0.000000
17,36,-108.096321,0.000000
17,37,-108.096311,-0.000000
17,38,-108.096290,-0.000000
17,39,-108.096290,-0.000000
17,40,-108.096290,-0.000000
17,41,-108.096290,-0.000000
17,42,-108.096326,0.000000
17,43,-108.096302,0.000000
17,44,-108.096324,-0.000000
17,45,-108.096290,0.000000
17,46,-108.096296,0.000000
17,47,-108.096322,-0.000000
17,48,-108.096290,-0.000000
17,49,-108.096290,-0.000000
18,19,-108.096290,0.000000
18,20,-108.096297,-0.000000
18,21,-108.096290,0.000000
18,22,-108.096290,-0.000000
18,23,-108.096290,-0.000000
18,24,-108.096290,-0.000000
18,25,-108.096295,0.000000
18,26,-108.096290,-0.000000
18,27,-108.096290,-0.000000
18,28,-108.096290,-0.000000
18,29,-108.096326,0.000000
18,30,-108.096523,-0.000000
18,31,-108.096326,0.000000
18,32,-108.096522,0.000000
18,33,-108.096290,-0.000000
18,34,-108.096290,-0.000000
18,35,-108.096299,0.000000
18,36,-108.096321,0.000000
18,37,-108.096311,-0.000000
18,38,-108.096290,-0.000000
18,39,-108.096290,0.000000
18,40,-108.096290,-0.000000
18,41,-108.096290,-0.000000
18,42,-108.096326,-0.000000
18,43,-108.096302,0.000000
18,44,-108.096324,-0.000000
18,45,-108.096290,-0.000000
18,46,-108.096296,0.000000
18,47,-108.096322,0.000000
18,48,-108.096290,0.000000
18,49,-108.096290,0.000000
19,20,-108.096297,-0.000000
19,21,-108.096290,0.000000
19,22,-108.096290,0.000000
19,23,-108.096290,0.000000
19,24,-108.096290,0.000000
19,25,-108.096295,0.000000
19,26,-108.096290,-0.000000
19,27,-108.096290,0.000000
19,28,-108.096290,0.000000
19,29,-108.096326,-0.000000
19,30,-108.096523,0.000000
19,31,-108.096326,0.000000
19,32,-108.096522,-0.000000
19,33,-108.096290,0.000000
19,34,-108.096290,0.000000
19,35,-108.096299,-0.000000
19,36,-108.096321,0.000000
19,37,-108.096311,0.000000
19,38,-108.096290,0.000000
19,39,-108.096290,0.000000
19,40,-108.096290,0.000000
19,41,-108.096290,0.000000
19,42,-108.096326,-0.000000
19,43,-108.096302,-0.000000
19,44,-108.096324,-0.000000
19,45,-108.096290,0.000000
19,46,-108.096296,-0.000000
19,47,-108.096322,0.000000
19,48,-108.096290,0.000000
19,49,-108.096290,-0.000000
20,21,-108.096297,-0.000000
20,22,-108.096297,0.000000
20,23,-108.096297,0.000000
20,24,-108.096297,0.000000
20,25,-108.096301,0.000001
20,26,-108.096297,0.000000
20,27,-108.096297,0.000000
20,28,-108.096297,0.000000
20,29,-108.096333,-0.000000
20,30,-108.096530,-0.000000
20,31,-108.096333,0.000000
20,32,-108.096529,0.000000
20,33,-108.096297,0.000000
20,34,-108.096297,0.000000
20,35,-108.096307,-0.000000
20,36,-108.096328,-0.000000
20,37,-108.096318,0.000000
20,38,-108.096297,0.000000
20,39,-108.096297,0.000000
20,40,-108.096297,0.000000
20,41,-108.096297,0.000000
20,42,-108.096333,0.000000
20,43,-108.096310,-0.000000
20,44,-108.096331,0.000000
20,45,-108.096297,0.000000
20,46,-108.096304,0.000000
20,47,-108.096329,-0.000000
20,48,-108.096297,0.000000
20,49,-108.096297,-0.000000
21,22,-108.096290,-0.000000
21,23,-108.096290,-0.000000
21,24,-108.096290,-0.000000
21,25,-108.096295,0.000000
21,26,-108.096290,0.000000
21,27,-108.096290,-0.000000
21,28,-108.096290,-0.000000
21,29,-108.096326,0.000000
21,30,-108.096523,-0.000000
21,31,-108.096326,0.000000
21,32,-108.096522,0.000000
21,33,-108.096290,-0.000000
21,34,-108.096290,-0.000000
21,35,-108.096299,0.000000
21,36,-108.096321,0.000000
21,37,-108.096311,-0.000000
21,38,-108.096290,-0.000000
21,39,-108.096290,-0.000000
21,40,-108.096290,-0.000000
21,41,-108.096290,-0.000000
21,42,-108.096326,0.000000
21,43,-108.096302,0.000000
21,44,-108.096324,-0.000000
21,45,-108.096290,-0.000000
21,46,-108.096296,0.000000
21,47,-108.096322,0.000000
21,48,-108.096290,0.000000
21,49,-108.096290,0.000000
22,23,-108.096290,-0.000000
22,24,-108.096290,-0.000000
22,25,-108.096295,0.000000
22,26,-108.096290,-0.000000
22,27,-108.096290,-0.000000
22,28,-108.096290,-0.000000
22,29,-108.096326,0.000000
22,30,-108.096523,-0.000000
22,31,-108.096326,-0.000000
22,32,-108.096522,0.000000
22,33,-108.096290,-0.000000
22,34,-108.096290,-0.000000
22,35,-108.096299,0.000000
22,36,-108.096321,0.000000
22,37,-108.096311,-0.000000
22,38,-108.096290,-0.000000
22,39,-108.096290,-0.000000
22,40,-108.096290,-0.000000
22,41,-108.096290,-0.000000
22,42,-108.096326,0.000000
22,43,-108.096302,0.000000
22,44,-108.096324,-0.000000
22,45,-108.096290,-0.000000
22,46,-108.096296,0.000000
22,47,-108.096322,-0.000000
22,48,-108.096290,0.000000
22,49,-108.096290,-0.000000
23,24,-108.096290,0.000000
23,25,-108.096295,0.000000
23,26,-108.096290,0.000000
23,27,-108.096290,-0.000000
23,28,-108.096290,-0.000000
23,29,-108.096326,0.000000
23,30,-108.096523,0.000000
23,31,-108.096326,0.000000
23,32,-108.096522,0.000000
23,33,-108.096290,0.000000
23,34,-108.096290,-0.000000
23,35,-108.096299,0.000000
23,36,-108.096321,0.000000
23,37,-108.096311,0.000000
23,38,-108.096290,-0.000000
23,39,-108.096290,-0.000000
23,40,-108.096290,-0.000000
23,41,-108.096290,-0.000000
23,42,-108.096326,0.000000
23,43,-108.096302,0.000000
23,44,-108.096324,0.000000
23,45,-108.096290,0.000000
23,46,-108.096296,0.000000
23,47,-108.096322,0.000000
23,48,-108.096290,-0.000000
23,49,-108.096290,0.000000
24,25,-108.096295,0.000000
24,26,-108.096290,0.000000
24,27,-108.096290,0.000000
24,28,-108.096290,-0.000000
24,29,-108.096326,0.000000
24,30,-108.096523,0.000000
24,31,-108.096326,0.000000
24,32,-108.096522,0.000000
24,33,-108.096290,0.000000
24,34,-108.096290,-0.000000
24,35,-108.096299,0.000000
24,36,-108.096321,0.000000
24,37,-108.096311,0.000000
24,38,-108.096290,-0.000000
24,39,-108.096290,-0.000000
24,40,-108.096290,-0.000000
24,41,-108.096290,-0.000000
24,42,-108.096326,0.000000
24,43,-108.096302,0.000000
24,44,-108.096324,0.000000
24,45,-108.096290,-0.000000
24,46,-108.096296,0.000000
24,47,-108.096322,0.000000
24,48,-108.096290,0.000000
24,49,-108.096290,0.000000
25,26,-108.096295,-0.000000
25,27,-108.096295,0.000000
25,28,-108.096295,0.000000
25,29,-108.096331,-0.000000
25,30,-108.096528,-0.000000
25,31,-108.096331,0.000000
25,32,-108.096527,0.000000
25,33,-108.096295,0.000000
25,34,-108.096295,0.000000
25,35,-108.096305,-0.000000
25,36,-108.096326,-0.000000
25,37,-108.096317,0.000000
25,38,-108.096295,0.000000
25,39,-108.096295,0.000000
25,40,-108.096295,0.000000
25,41,-108.096295,0.000000
25,42,-108.096331,0.000000
25,43,-108.096308,-0.000000
25,44,-108.096329,0.000000
25,45,-108.096295,0.000000
25,46,-108.096302,0.000000
25,47,-108.096327,-0.000000
25,48,-108.096295,0.000000
25,49,-108.096295,-0.000000
26,27,-108.096290,0.000000
26,28,-108.096290,0.000000
26,29,-108.096326,0.000000
26,30,-108.096523,-0.000000
26,31,-108.096326,-0.000000
26,32,-108.096522,0.000000
26,33,-108.096290,0.000000
26,34,-108.096290,0.000000
26,35,-108.096299,0.000000
26,36,-108.096321,-0.000000
26,37,-108.096311,-0.000000
26,38,-108.096290,0.000000
26,39,-108.096290,0.000000
26,40,-108.096290,0.000000
26,41,-108.096290,0.000000
26,42,-108.096326,0.000000
26,43,-108.096302,-0.000000
26,44,-108.096324,-0.000000
26,45,-108.096290,0.000000
26,46,-108.096296,-0.000000
26,47,-108.096322,-0.000000
26,48,-108.096290,0.000000
26,49,-108.096290,-0.000000
27,28,-108.096290,-0.000000
27,29,-108.096326,0.000000
27,30,-108.096523,0.000000
27,31,-108.096326,0.000000
27,32,-108.096522,0.000000
27,33,-108.096290,0.000000
27,34,-108.096290,-0.000000
27,35,-108.096299,0.000000
27,36,-108.096321,0.000000
27,37,-108.096311,-0.000000
27,38,-108.096290,-0.000000
27,39,-108.096290,-0.000000
27,40,-108.096290,-0.000000
27,41,-108.096290,-0.000000
27,42,-108.096326,0.000000
27,43,-108.096302,0.000000
27,44,-108.096324,-0.000000
27,45,-108.096290,-0.000000
27,46,-108.096296,0.000000
27,47,-108.096322,0.000000
27,48,-108.096290,-0.000000
27,49,-108.096290,0.000000
28,29,-108.096326,0.000000
28,30,-108.096523,-0.000000
28,31,-108.096326,0.000000
28,32,-108.096522,-0.000000
28,33,-108.096290,0.000000
28,34,-108.096290,0.000000
28,35,-108.096299,-0.000000
28,36,-108.096321,-0.000000
28,37,-108.096311,-0.000000
28,38,-108.096290,-0.000000
28,39,-108.096290,-0.000000
28,40,-108.096290,-0.000000
28,41,-108.096290,-0.000000
28,42,-108.096326,0.000000
28,43,-108.096302,0.000000
28,44,-108.096324,-0.000000
28,45,-108.096290,0.000000
28,46,-108.096296,0.000000
28,47,-108.096322,-0.000000
28,48,-108.096290,0.000000
28,49,-108.096290,-0.000000
29,30,-108.096559,-0.000001
29,31,-108.096368,-0.000006
29,32,-108.096558,0.000000
29,33,-108.096326,0.000000
29,34,-108.096326,0.000000
29,35,-108.096336,0.000000
29,36,-108.096357,0.000000
29,37,-108.096347,0.000000
29,38,-108.096326,0.000000
29,39,-108.096326,0.000000
29,40,-108.096326,0.000000
29,41,-108.096326,0.000000
29,42,-108.096362,0.000000
29,43,-108.096339,-0.000000
29,44,-108.096360,0.000000
29,45,-108.096326,0.000000
29,46,-108.096333,-0.000000
29,47,-108.096358,0.000000
29,48,-108.096326,0.000000
29,49,-108.096326,0.000000
30,31,-108.096559,0.000000
30,32,-108.096794,-0.000039
30,33,-108.096523,0.000000
30,34,-108.096523,0.000000
30,35,-108.096532,0.000000
30,36,-108.096553,0.000000
30,37,-108.096544,0.000000
30,38,-108.096523,0.000000
30,39,-108.096523,0.000000
30,40,-108.096523,-0.000000
30,41,-108.096523,0.000000
30,42,-108.096558,0.000000
30,43,-108.096535,0.000000
30,44,-108.096557,0.000000
30,45,-108.096523,0.000000
30,46,-108.096529,0.000000
30,47,-108.096554,0.000000
30,48,-108.096523,0.000000
30,49,-108.096523,0.000000
31,32,-108.096559,-0.000001
31,33,-108.096326,0.000000
31,34,-108.096326,0.000000
31,35,-108.096336,0.000000
31,36,-108.096357,0.000000
31,37,-108.096347,0.000000
31,38,-108.096326,0.000000
31,39,-108.096326,0.000000
31,40,-108.096326,0.000000
31,41,-108.096326,0.000000
31,42,-108.096362,0.000000
31,43,-108.096339,-0.000000
31,44,-108.096360,0.000000
31,45,-108.096326,0.000000
31,46,-108.096333,-0.000000
31,47,-108.096358,0.000000
31,48,-108.096326,0.000000
31,49,-108.096326,-0.000000
32,33,-108.096522,0.000000
32,34,-108.096522,0.000000
32,35,-108.096532,0.000000
32,36,-108.096553,0.000000
32,37,-108.096543,0.000000
32,38,-108.096522,0.000000
32,39,-108.096522,0.000000
32,40,-108.096522,-0.000000
32,41,-108.096522,0.000000
32,42,-108.096557,0.000000
32,43,-108.096535,0.000000
32,44,-108.096556,0.000000
32,45,-108.096522,0.000000
32,46,-108.096529,0.000000
32,47,-108.096554,0.000000
32,48,-108.096522,0.000000
32,49,-108.096522,-0.000000
33,34,-108.096290,0.000000
33,35,-108.096299,0.000000
33,36,-108.096321,0.000000
33,37,-108.096311,0.000000
33,38,-108.096290,0.000000
33,39,-108.096290,0.000000
33,40,-108.096290,0.000000
33,41,-108.096290,0.000000
33,42,-108.096326,0.000000
33,43,-108.096302,0.000000
33,44,-108.096324,-0.000000
33,45,-108.096290,0.000000
33,46,-108.096296,0.000000
33,47,-108.096322,0.000000
33,48,-108.096290,-0.000000
33,49,-108.096290,0.000000
34,35,-108.096299,0.000000
34,36,-108.096321,-0.000000
34,37,-108.096311,0.000000
34,38,-108.096290,-0.000000
34,39,-108.096290,0.000000
34,40,-108.096290,-0.000000
34,41,-108.096290,-0.000000
34,42,-108.096326,0.000000
34,43,-108.096302,0.000000
34,44,-108.096324,0.000000
34,45,-108.096290,-0.000000
34,46,-108.096296,0.000000
34,47,-108.096322,0.000000
34,48,-108.096290,-0.000000
34,49,-108.096290,0.000000
35,36,-108.096331,-0.000000
35,37,-108.096322,-0.000001
35,38,-108.096299,-0.000000
35,39,-108.096299,-0.000000
35,40,-108.096299,0.000000
35,41,-108.096299,0.000000
35,42,-108.096335,0.000001
35,43,-108.096312,-0.000000
35,44,-108.096334,-0.000000
35,45,-108.096299,-0.000000
35,46,-108.096306,-0.000000
35,47,-108.096332,-0.000000
35,48,-108.096299,0.000000
35,49,-108.096299,-0.000000
36,37,-108.096343,-0.000001
36,38,-108.096321,0.000000
36,39,-108.096321,-0.000000
36,40,-108.096321,-0.000000
36,41,-108.096321,-0.000000
36,42,-108.096360,-0.000003
36,43,-108.096334,0.000000
36,44,-108.096355,0.000000
36,45,-108.096321,0.000000
36,46,-108.096328,0.000000
36,47,-108.096352,0.000001
36,48,-108.096321,0.000000
36,49,-108.096321,-0.000000
37,38,-108.096311,-0.000000
37,39,-108.096311,-0.000000
37,40,-108.096311,-0.000000
37,41,-108.096311,0.000000
37,42,-108.096347,-0.000000
37,43,-108.096324,0.000000
37,44,-108.096345,-0.000000
37,45,-108.096311,-0.000000
37,46,-108.096318,0.000000
37,47,-108.096343,0.000000
37,48,-108.096311,0.000000
37,49,-108.096311,-0.000000
38,39,-108.096290,-0.000000
38,40,-108.096290,-0.000000
38,41,-108.096290,-0.000000
38,42,-108.096326,-0.000000
38,43,-108.096302,0.000000
38,44,-108.096324,-0.000000
38,45,-108.096290,0.000000
38,46,-108.096296,0.000000
38,47,-108.096322,0.000000
38,48,-108.096290,-0.000000
38,49,-108.096290,0.000000
39,40,-108.096290,-0.000000
39,41,-108.096290,-0.000000
39,42,-108.096326,-0.000000
39,43,-108.096302,-0.000000
39,44,-108.096324,-0.000000
39,45,-108.096290,-0.000000
39,46,-108.096296,0.000000
39,47,-108.096322,0.000000
39,48,-108.096290,-0.000000
39,49,-108.096290,0.000000
40,41,-108.096290,-0.000000
40,42,-108.096326,0.000000
40,43,-108.096302,-0.000000
40,44,-108.096324,-0.000000
40,45,-108.096290,-0.000000
40,46,-108.096296,0.000000
40,47,-108.096322,0.000000
40,48,-108.096290,-0.000000
40,49,-108.096290,0.000000
41,42,-108.096326,0.000000
41,43,-108.096302,0.000000
41,44,-108.096324,0.000000
41,45,-108.096290,-0.000000
41,46,-108.096296,0.000000
41,47,-108.096322,0.000000
41,48,-108.096290,-0.000000
41,49,-108.096290,0.000000
42,43,-108.096339,-0.000000
42,44,-108.096361,-0.000002
42,45,-108.096326,-0.000000
42,46,-108.096332,-0.000000
42,47,-108.096358,-0.000000
42,48,-108.096326,0.000000
42,49,-108.096326,-0.000000
43,44,-108.096337,0.000000
43,45,-108.096302,-0.000000
43,46,-108.096310,-0.000000
43,47,-108.096335,-0.000000
43,48,-108.096302,0.000000
43,49,-108.096302,-0.000000
44,45,-108.096324,-0.000000
44,46,-108.096331,0.000000
44,47,-108.096358,-0.000002
44,48,-108.096324,0.000000
44,49,-108.096324,-0.000000
45,46,-108.096296,-0.000000
45,47,-108.096322,-0.000000
45,48,-108.096290,-0.000000
45,49,-108.096290,0.000000
46,47,-108.096328,0.000000
46,48,-108.096296,0.000000
46,49,-108.096296,-0.000000
47,48,-108.096322,0.000000
47,49,-108.096322,-0.000000
48,49,-108.096290,0.000000
