0.000000000000000000e+00 -9.608752499226745840e+02 -9.608752499226745840e+02
9.000000000000000222e-01 -9.602858236189849777e+02
9.020000000000000240e-01 -9.602730735691956170e+02
9.040000000000000258e-01 -9.602781442667138663e+02
9.060000000000000275e-01 -9.602610552078559749e+02
9.080000000000000293e-01 -9.602916883605626026e+02
9.100000000000000311e-01 -9.602663582213766631e+02
9.120000000000000329e-01 -9.602702841313638373e+02
9.140000000000000346e-01 -9.602830354271230817e+02
9.160000000000000364e-01 -9.602620882826255411e+02
9.180000000000000382e-01 -9.602744341740593654e+02
9.200000000000000400e-01 -9.602669918300507561e+02
9.220000000000000417e-01 -9.602746134544900087e+02
9.240000000000000435e-01 -9.602725807464213403e+02
9.260000000000000453e-01 -9.602746287781170622e+02
9.280000000000000471e-01 -9.602698635472565911e+02
9.300000000000000488e-01 -9.602662541535567016e+02
9.320000000000000506e-01 -9.602825340149361182e+02
9.340000000000000524e-01 -9.602816586420535714e+02
9.360000000000000542e-01 -9.602920793849554002e+02
9.380000000000000560e-01 -9.602946350139885681e+02
9.400000000000000577e-01 -9.602901425241593643e+02
9.420000000000000595e-01 -9.602949225108922064e+02
9.440000000000000613e-01 -9.602913653215011891e+02
9.460000000000000631e-01 -9.602876385099965546e+02
9.480000000000000648e-01 -9.602719084852064952e+02
9.500000000000000666e-01 -9.603116014960958182e+02
9.520000000000000684e-01 -9.603052517294760264e+02
9.540000000000000702e-01 -9.603347653313962837e+02
9.560000000000000719e-01 -9.603319345397522966e+02
9.580000000000000737e-01 -9.603209561586036216e+02
9.600000000000000755e-01 -9.603387890702747427e+02
9.620000000000000773e-01 -9.603593622545182598e+02
9.640000000000000790e-01 -9.603646929603091849e+02
9.660000000000000808e-01 -9.603699660164742227e+02
9.680000000000000826e-01 -9.603949110336808417e+02
9.700000000000000844e-01 -9.603969275032779933e+02
9.720000000000000862e-01 -9.604100586938536708e+02
9.740000000000000879e-01 -9.604195629477403600e+02
9.760000000000000897e-01 -9.604376649828620884e+02
9.780000000000000915e-01 -9.604327086580343575e+02
9.800000000000000933e-01 -9.604748531992095195e+02
9.820000000000000950e-01 -9.605094210194794186e+02
9.840000000000000968e-01 -9.605278525396088298e+02
9.860000000000000986e-01 -9.605744637625866744e+02
9.880000000000001004e-01 -9.605794945942161576e+02
9.900000000000001021e-01 -9.606290542529183085e+02
9.920000000000001039e-01 -9.606727572202480587e+02
9.940000000000001057e-01 -9.607086485571369394e+02
9.960000000000001075e-01 -9.607500100224229982e+02
9.980000000000001092e-01 -9.608072490831011692e+02
