0.000000000000000000e+00 -9.608199439084183950e+02 -9.608199439084183950e+02
9.000000000000000222e-01 -9.601652193673170359e+02
9.020000000000000240e-01 -9.601670241626920870e+02
9.040000000000000258e-01 -9.601691429408662088e+02
9.060000000000000275e-01 -9.601794116696711399e+02
9.080000000000000293e-01 -9.601653415340429092e+02
9.100000000000000311e-01 -9.601844088539080531e+02
9.120000000000000329e-01 -9.601586351721362007e+02
9.140000000000000346e-01 -9.601706757682226225e+02
9.160000000000000364e-01 -9.601844988625869064e+02
9.180000000000000382e-01 -9.601628028109081470e+02
9.200000000000000400e-01 -9.601418736068985709e+02
9.220000000000000417e-01 -9.601636080566651117e+02
9.240000000000000435e-01 -9.601446656882369552e+02
9.260000000000000453e-01 -9.601638976592879544e+02
9.280000000000000471e-01 -9.601680421790769060e+02
9.300000000000000488e-01 -9.601900132153095910e+02
9.320000000000000506e-01 -9.601683376433322792e+02
9.340000000000000524e-01 -9.601669204355262082e+02
9.360000000000000542e-01 -9.601711218196568325e+02
9.380000000000000560e-01 -9.601704294430884374e+02
9.400000000000000577e-01 -9.601595919428729076e+02
9.420000000000000595e-01 -9.601797019727625866e+02
9.440000000000000613e-01 -9.601810967170171125e+02
9.460000000000000631e-01 -9.601838073569770131e+02
9.480000000000000648e-01 -9.601785250936449074e+02
9.500000000000000666e-01 -9.601933029425199493e+02
9.520000000000000684e-01 -9.602240231195484057e+02
9.540000000000000702e-01 -9.602110745871270865e+02
9.560000000000000719e-01 -9.602121952414273665e+02
9.580000000000000737e-01 -9.602284743423929285e+02
9.600000000000000755e-01 -9.602358651107093692e+02
9.620000000000000773e-01 -9.602438556668704450e+02
9.640000000000000790e-01 -9.602461552075770896e+02
9.660000000000000808e-01 -9.602532707104355723e+02
9.680000000000000826e-01 -9.602625775410830329e+02
9.700000000000000844e-01 -9.602681529679360892e+02
9.720000000000000862e-01 -9.602632860243492132e+02
9.740000000000000879e-01 -9.602882293692870235e+02
9.760000000000000897e-01 -9.603332990583793389e+02
9.780000000000000915e-01 -9.603489809397525505e+02
9.800000000000000933e-01 -9.603801098952129678e+02
9.820000000000000950e-01 -9.604059943541470830e+02
9.840000000000000968e-01 -9.604318267158906792e+02
9.860000000000000986e-01 -9.604535769197735817e+02
9.880000000000001004e-01 -9.605042801484969459e+02
9.900000000000001021e-01 -9.605251384462404758e+02
9.920000000000001039e-01 -9.605692161255498149e+02
9.940000000000001057e-01 -9.606262200198410710e+02
9.960000000000001075e-01 -9.606721463987696552e+02
9.980000000000001092e-01 -9.607396676211214981e+02
