-1.576684794132005329e+01
-1.576584790212100273e+01
-1.279260755198755817e+00
-8.655744450601082773e-01
-5.945587853646842058e-01
-5.109950277466696056e-01
-5.109950277466684954e-01
3.728048667145844597e-02
3.728048667145960476e-02
3.374377693161512148e-01
5.989186407350725050e-01
5.995589286866518375e-01
5.995589286866536138e-01
6.240372288920265076e-01
6.659330715555171754e-01
6.978277940650182698e-01
6.978277940650186029e-01
1.059190284057491382e+00
1.078320449764935685e+00
1.078320449764936351e+00
1.170814666519373937e+00
1.170814666519375269e+00
1.407779993292897158e+00
1.407779993292897824e+00
1.821959750561957359e+00
1.840867402234557693e+00
1.840867402234557915e+00
1.901823003857679995e+00
3.108861162150194701e+00
3.108861162150199142e+00
3.227108712197707785e+00
3.309400730886674413e+00
3.309400730886676634e+00
3.843055305520296727e+00
3.843055305520298948e+00
3.857789761045640198e+00
3.857789761045645527e+00
3.986314081385121444e+00
3.998964156283947524e+00
4.089507191867853386e+00
4.089507191867855163e+00
4.266291055745176308e+00
4.266291055745178973e+00
4.645417874538010139e+00
4.645417874538014580e+00
4.735528102571927356e+00
4.735528102571931797e+00
4.744703864748752942e+00
4.928263384567604710e+00
4.928263384567605598e+00
4.962958348400817954e+00
4.962958348400817954e+00
5.031667506524156508e+00
5.031667506524157396e+00
5.355179647905115026e+00
5.627850710708965920e+00
5.798259760779654215e+00
5.798259760779662209e+00
6.015639935494001556e+00
9.434644244202745611e+00
