2,3,-108.792231,0.000236
2,4,-108.789883,-0.000478
2,5,-108.834494,0.000684
2,8,-108.835418,-0.000227
2,9,-108.789301,-0.001129
2,10,-108.787955,-0.000036
2,11,-108.789766,-0.000083
2,12,-108.788007,-0.000097
2,13,-108.788545,-0.000546
2,14,-108.788748,-0.000432
2,15,-108.788618,-0.000516
2,16,-108.789103,-0.000057
2,17,-108.788116,-0.000161
2,18,-108.788914,-0.000129
2,19,-108.788919,-0.000134
2,20,-108.789186,-0.000235
2,21,-108.788150,-0.000240
2,22,-108.789191,-0.001064
2,23,-108.788169,-0.000042
2,24,-108.788049,-0.000095
2,25,-108.788091,-0.000034
2,26,-108.788033,-0.000114
2,27,-108.788020,-0.000107
2,28,-108.788339,-0.000036
2,29,-108.787934,-0.000033
2,30,-108.787996,-0.000077
2,31,-108.788268,-0.000020
2,32,-108.787921,-0.000020
2,33,-108.788026,-0.000068
2,34,-108.788026,-0.000068
2,35,-108.788233,-0.000186
2,36,-108.788087,-0.000186
2,37,-108.787923,-0.000013
2,38,-108.788246,-0.000318
2,39,-108.788000,-0.000028
2,40,-108.788000,-0.000028
2,41,-108.788088,-0.000019
2,42,-108.787975,-0.000022
2,43,-108.788262,-0.000301
2,44,-108.788026,-0.000065
2,45,-108.788060,-0.000049
2,46,-108.788060,-0.000050
2,47,-108.787925,-0.000013
2,48,-108.788175,-0.000227
2,49,-108.787965,-0.000016
3,4,-108.792228,0.000953
3,5,-108.837020,0.001934
3,8,-108.841788,-0.002821
3,9,-108.792569,-0.000621
3,10,-108.791942,-0.000248
3,11,-108.793520,-0.000061
3,12,-108.791732,-0.000047
3,13,-108.792661,-0.000886
3,14,-108.792420,-0.000328
3,15,-108.792942,-0.001064
3,16,-108.792931,-0.000109
3,17,-108.791931,-0.000200
3,18,-108.795850,-0.003290
3,19,-108.792632,-0.000071
3,20,-108.793002,-0.000276
3,21,-108.791916,-0.000230
3,22,-108.792009,-0.000106
3,23,-108.792024,-0.000122
3,24,-108.791974,-0.000244
3,25,-108.791961,-0.000128
3,26,-108.791993,-0.000298
3,27,-108.791775,-0.000086
3,28,-108.792113,-0.000034
3,29,-108.791698,-0.000022
3,30,-108.791747,-0.000052
3,31,-108.792057,-0.000034
3,32,-108.791703,-0.000026
3,33,-108.791770,-0.000036
3,34,-108.791811,-0.000077
3,35,-108.791843,-0.000021
3,36,-108.791694,-0.000018
3,37,-108.791771,-0.000086
3,38,-108.791733,-0.000031
3,39,-108.791776,-0.000029
3,40,-108.791775,-0.000029
3,41,-108.791869,-0.000025
3,42,-108.791759,-0.000030
3,43,-108.791756,-0.000020
3,44,-108.791757,-0.000021
3,45,-108.792496,-0.000710
3,46,-108.791847,-0.000061
3,47,-108.791819,-0.000132
3,48,-108.791800,-0.000076
3,49,-108.791802,-0.000078
4,5,-108.835158,0.000734
4,8,-108.836735,-0.000830
4,9,-108.790960,-0.002075
4,10,-108.789629,-0.000997
4,11,-108.790424,-0.000027
4,12,-108.788638,-0.000015
4,13,-108.795023,-0.006310
4,14,-108.789316,-0.000286
4,15,-108.789063,-0.000246
4,16,-108.789786,-0.000026
4,17,-108.788718,-0.000049
4,18,-108.789512,-0.000014
4,19,-108.789515,-0.000016
4,20,-108.790406,-0.000742
4,21,-108.789285,-0.000662
4,22,-108.789328,-0.000488
4,23,-108.788856,-0.000016
4,24,-108.789153,-0.000485
4,25,-108.788970,-0.000200
4,26,-108.789227,-0.000595
4,27,-108.789080,-0.000453
4,28,-108.789039,-0.000023
4,29,-108.788628,-0.000013
4,30,-108.789091,-0.000458
4,31,-108.788971,-0.000010
4,32,-108.788646,-0.000031
4,33,-108.788728,-0.000056
4,34,-108.788727,-0.000056
4,35,-108.788885,-0.000124
4,36,-108.788731,-0.000117
4,37,-108.788828,-0.000204
4,38,-108.788952,-0.000311
4,39,-108.788689,-0.000003
4,40,-108.788688,-0.000003
4,41,-108.788783,-0.000001
4,42,-108.788669,-0.000003
4,43,-108.788714,-0.000040
4,44,-108.788681,-0.000007
4,45,-108.788731,-0.000006
4,46,-108.788731,-0.000007
4,47,-108.788776,-0.000151
4,48,-108.788837,-0.000174
4,49,-108.788688,-0.000026
5,8,-108.905722,-0.024044
5,9,-108.834795,-0.000137
5,10,-108.834415,-0.000010
5,11,-108.836217,-0.000048
5,12,-108.835819,-0.001423
5,13,-108.834534,-0.000048
5,14,-108.835106,-0.000303
5,15,-108.845094,-0.010505
5,16,-108.839197,-0.003665
5,17,-108.834465,-0.000024
5,18,-108.835884,-0.000612
5,19,-108.835884,-0.000612
5,20,-108.835566,-0.000129
5,21,-108.835490,-0.001094
5,22,-108.834707,-0.000094
5,23,-108.834707,-0.000094
5,24,-108.834469,-0.000028
5,25,-108.834610,-0.000067
5,26,-108.835012,-0.000607
5,27,-108.834407,-0.000008
5,28,-108.834799,-0.000010
5,29,-108.834636,-0.000249
5,30,-108.834419,-0.000014
5,31,-108.835034,-0.000300
5,32,-108.834717,-0.000330
5,33,-108.834484,-0.000039
5,34,-108.834484,-0.000039
5,35,-108.834547,-0.000013
5,36,-108.834500,-0.000113
5,37,-108.834402,-0.000006
5,38,-108.834433,-0.000019
5,39,-108.834501,-0.000044
5,40,-108.834518,-0.000061
5,41,-108.834658,-0.000103
5,42,-108.834732,-0.000293
5,43,-108.834484,-0.000037
5,44,-108.834484,-0.000037
5,45,-108.834558,-0.000061
5,46,-108.834558,-0.000061
5,47,-108.834406,-0.000007
5,48,-108.834460,-0.000024
5,49,-108.834460,-0.000025
8,9,-108.834510,0.000161
8,10,-108.834404,0.000014
8,11,-108.835803,0.000380
8,12,-108.834407,0.000002
8,13,-108.834434,0.000064
8,14,-108.834684,0.000132
8,15,-108.834539,0.000063
8,16,-108.844935,-0.009390
8,17,-108.834412,0.000042
8,18,-108.834961,0.000323
8,19,-108.834961,0.000323
8,20,-108.835479,-0.000028
8,21,-108.834406,0.000003
8,22,-108.834461,0.000165
8,23,-108.834461,0.000165
8,24,-108.834418,0.000035
8,25,-108.835008,-0.000452
8,26,-108.834408,0.000010
8,27,-108.834403,0.000010
8,28,-108.834639,0.000163
8,29,-108.834399,0.000001
8,30,-108.834409,0.000009
8,31,-108.834721,0.000026
8,32,-108.834399,0.000002
8,33,-108.834431,0.000026
8,34,-108.834431,0.000026
8,35,-108.834507,0.000039
8,36,-108.834399,0.000001
8,37,-108.834401,0.000008
8,38,-108.834413,0.000013
8,39,-108.834440,0.000031
8,40,-108.834433,0.000037
8,41,-108.834463,0.000105
8,42,-108.834516,-0.000064
8,43,-108.834428,0.000032
8,44,-108.834428,0.000032
8,45,-108.834446,0.000064
8,46,-108.834446,0.000064
8,47,-108.834402,0.000009
8,48,-108.834415,0.000033
8,49,-108.834415,0.000033
9,10,-108.787391,0.000007
9,11,-108.789151,0.000013
9,12,-108.787389,0.000001
9,13,-108.787823,-0.000343
9,14,-108.787792,0.000004
9,15,-108.787573,0.000010
9,16,-108.788512,0.000014
9,17,-108.787493,-0.000058
9,18,-108.788263,0.000003
9,19,-108.788262,0.000003
9,20,-108.788425,0.000006
9,21,-108.787390,0.000000
9,22,-108.787606,0.000001
9,23,-108.787787,-0.000180
9,24,-108.787430,0.000004
9,25,-108.787533,0.000004
9,26,-108.787397,0.000002
9,27,-108.787391,0.000002
9,28,-108.787781,0.000002
9,29,-108.787381,0.000000
9,30,-108.787398,0.000001
9,31,-108.787725,0.000002
9,32,-108.787381,0.000000
9,33,-108.787437,0.000000
9,34,-108.787437,0.000000
9,35,-108.787525,0.000002
9,36,-108.787381,0.000000
9,37,-108.787400,-0.000010
9,38,-108.787406,0.000001
9,39,-108.787451,0.000000
9,40,-108.787451,0.000000
9,41,-108.787548,0.000001
9,42,-108.787433,0.000000
9,43,-108.787440,0.000001
9,44,-108.787562,-0.000121
9,45,-108.787490,0.000001
9,46,-108.787490,0.000001
9,47,-108.787394,-0.000002
9,48,-108.787429,0.000000
9,49,-108.787457,-0.000028
10,11,-108.788908,0.000002
10,12,-108.787136,0.000000
10,13,-108.787222,0.000004
10,14,-108.787554,-0.000011
10,15,-108.787329,0.000000
10,16,-108.788270,0.000003
10,17,-108.787182,0.000000
10,18,-108.788012,-0.000000
10,19,-108.788084,-0.000072
10,20,-108.788176,0.000001
10,21,-108.787137,0.000000
10,22,-108.787353,0.000000
10,23,-108.787353,0.000000
10,24,-108.787195,-0.000014
10,25,-108.787284,0.000000
10,26,-108.787146,-0.000000
10,27,-108.787140,0.000000
10,28,-108.787530,0.000000
10,29,-108.787128,0.000000
10,30,-108.787148,-0.000002
10,31,-108.787474,0.000000
10,32,-108.787128,0.000000
10,33,-108.787185,-0.000000
10,34,-108.787185,0.000000
10,35,-108.787273,0.000000
10,36,-108.787128,0.000000
10,37,-108.787137,0.000000
10,38,-108.787160,-0.000006
10,39,-108.787198,0.000000
10,40,-108.787198,0.000000
10,41,-108.787296,0.000000
10,42,-108.787180,0.000000
10,43,-108.787187,0.000000
10,44,-108.787187,0.000000
10,45,-108.787238,0.000000
10,46,-108.787257,-0.000020
10,47,-108.787139,0.000000
10,48,-108.787176,0.000000
10,49,-108.787175,0.000000
11,12,-108.788915,-0.000014
11,13,-108.788986,0.000005
11,14,-108.789260,0.000048
11,15,-108.789088,0.000006
11,16,-108.789909,0.000128
11,17,-108.788940,0.000007
11,18,-108.789765,0.000012
11,19,-108.789765,0.000012
11,20,-108.789927,0.000015
11,21,-108.788901,0.000000
11,22,-108.789115,0.000003
11,23,-108.789115,0.000003
11,24,-108.788944,0.000002
11,25,-108.789045,0.000004
11,26,-108.788909,0.000001
11,27,-108.788904,0.000000
11,28,-108.789711,-0.000416
11,29,-108.788892,0.000000
11,30,-108.788910,0.000001
11,31,-108.789223,0.000016
11,32,-108.788893,0.000000
11,33,-108.788948,0.000001
11,34,-108.788948,0.000001
11,35,-108.789098,-0.000059
11,36,-108.788892,0.000000
11,37,-108.788901,0.000000
11,38,-108.788917,0.000001
11,39,-108.788970,-0.000007
11,40,-108.788962,0.000001
11,41,-108.789057,0.000003
11,42,-108.788944,0.000001
11,43,-108.788950,0.000002
11,44,-108.788950,0.000002
11,45,-108.788995,0.000007
11,46,-108.788995,0.000007
11,47,-108.788903,0.000001
11,48,-108.788938,0.000002
11,49,-108.788938,0.000002
12,13,-108.787217,0.000000
12,14,-108.787530,0.000004
12,15,-108.787316,0.000004
12,16,-108.788263,0.000001
12,17,-108.787172,0.000001
12,18,-108.788002,0.000001
12,19,-108.788002,0.000001
12,20,-108.788168,0.000000
12,21,-108.787128,0.000000
12,22,-108.787344,0.000000
12,23,-108.787344,0.000000
12,24,-108.787172,0.000000
12,25,-108.787275,0.000000
12,26,-108.787136,0.000000
12,27,-108.787131,0.000000
12,28,-108.787522,-0.000002
12,29,-108.787119,-0.000000
12,30,-108.787137,0.000000
12,31,-108.787465,0.000000
12,32,-108.787119,0.000000
12,33,-108.787175,0.000000
12,34,-108.787175,0.000000
12,35,-108.787265,-0.000000
12,36,-108.787119,-0.000000
12,37,-108.787127,0.000000
12,38,-108.787145,0.000000
12,39,-108.787189,0.000000
12,40,-108.787196,-0.000007
12,41,-108.787286,0.000000
12,42,-108.787171,0.000000
12,43,-108.787178,0.000000
12,44,-108.787178,0.000000
12,45,-108.787228,0.000000
12,46,-108.787228,0.000000
12,47,-108.787130,0.000000
12,48,-108.787166,0.000000
12,49,-108.787166,0.000000
13,14,-108.787618,0.000006
13,15,-108.787407,0.000003
13,16,-108.788348,0.000005
13,17,-108.787262,0.000001
13,18,-108.788092,0.000001
13,19,-108.788091,0.000001
13,20,-108.788255,0.000003
13,21,-108.787217,0.000000
13,22,-108.787434,0.000000
13,23,-108.787506,-0.000072
13,24,-108.787260,0.000002
13,25,-108.787363,0.000001
13,26,-108.787225,0.000001
13,27,-108.787223,-0.000002
13,28,-108.787609,0.000001
13,29,-108.787208,0.000000
13,30,-108.787224,0.000002
13,31,-108.787554,0.000001
13,32,-108.787209,0.000000
13,33,-108.787265,0.000000
13,34,-108.787265,0.000000
13,35,-108.787354,0.000001
13,36,-108.787208,0.000000
13,37,-108.787220,-0.000003
13,38,-108.787234,0.000001
13,39,-108.787279,0.000000
13,40,-108.787279,0.000000
13,41,-108.787376,0.000000
13,42,-108.787260,0.000000
13,43,-108.787268,0.000000
13,44,-108.787323,-0.000055
13,45,-108.787318,0.000000
13,46,-108.787318,0.000000
13,47,-108.787222,-0.000002
13,48,-108.787256,0.000000
13,49,-108.787256,0.000000
14,15,-108.787726,0.000001
14,16,-108.788659,0.000012
14,17,-108.787572,0.000008
14,18,-108.788399,0.000011
14,19,-108.788803,-0.000393
14,20,-108.788565,0.000011
14,21,-108.787534,0.000001
14,22,-108.787748,0.000003
14,23,-108.787748,0.000003
14,24,-108.787579,-0.000000
14,25,-108.787680,0.000001
14,26,-108.787542,0.000001
14,27,-108.787537,0.000001
14,28,-108.787925,0.000002
14,29,-108.787525,0.000000
14,30,-108.787551,-0.000007
14,31,-108.787869,0.000003
14,32,-108.787526,0.000000
14,33,-108.787590,-0.000007
14,34,-108.787582,0.000000
14,35,-108.787670,0.000002
14,36,-108.787525,0.000000
14,37,-108.787534,0.000000
14,38,-108.787553,-0.000001
14,39,-108.787596,0.000000
14,40,-108.787595,0.000000
14,41,-108.787693,0.000001
14,42,-108.787577,0.000000
14,43,-108.787585,0.000000
14,44,-108.787585,0.000000
14,45,-108.787634,0.000001
14,46,-108.787664,-0.000029
14,47,-108.787536,0.000001
14,48,-108.787573,0.000001
14,49,-108.787573,0.000001
15,16,-108.788469,-0.000013
15,17,-108.787366,-0.000000
15,18,-108.788189,0.000006
15,19,-108.788189,0.000006
15,20,-108.788359,0.000002
15,21,-108.787319,0.000002
15,22,-108.787534,0.000003
15,23,-108.787534,0.000003
15,24,-108.787363,0.000002
15,25,-108.787468,-0.000000
15,26,-108.787334,-0.000004
15,27,-108.787323,0.000000
15,28,-108.787711,0.000002
15,29,-108.787310,0.000002
15,30,-108.787329,0.000000
15,31,-108.787658,0.000000
15,32,-108.787310,0.000002
15,33,-108.787367,0.000001
15,34,-108.787367,0.000001
15,35,-108.787457,0.000001
15,36,-108.787311,0.000000
15,37,-108.787320,0.000000
15,38,-108.787337,0.000001
15,39,-108.787380,0.000002
15,40,-108.787380,0.000002
15,41,-108.787500,-0.000021
15,42,-108.787362,0.000002
15,43,-108.787369,0.000002
15,44,-108.787369,0.000002
15,45,-108.787416,0.000005
15,46,-108.787416,0.000005
15,47,-108.787322,0.000001
15,48,-108.787357,0.000003
15,49,-108.787357,0.000003
16,17,-108.788301,0.000008
16,18,-108.789134,0.000005
16,19,-108.789134,0.000005
16,20,-108.789296,0.000009
16,21,-108.788264,-0.000000
16,22,-108.788478,0.000003
16,23,-108.788478,0.000003
16,24,-108.788308,0.000001
16,25,-108.788544,-0.000133
16,26,-108.788272,0.000001
16,27,-108.788267,0.000000
16,28,-108.788641,0.000016
16,29,-108.788255,0.000000
16,30,-108.788273,0.000000
16,31,-108.788907,-0.000305
16,32,-108.788256,-0.000000
16,33,-108.788312,0.000000
16,34,-108.788311,0.000000
16,35,-108.788399,0.000002
16,36,-108.788255,0.000000
16,37,-108.788264,0.000000
16,38,-108.788281,0.000001
16,39,-108.788325,0.000001
16,40,-108.788325,0.000001
16,41,-108.788420,0.000003
16,42,-108.788321,-0.000014
16,43,-108.788313,0.000002
16,44,-108.788313,0.000002
16,45,-108.788361,0.000004
16,46,-108.788361,0.000004
16,47,-108.788266,0.000001
16,48,-108.788301,0.000002
16,49,-108.788301,0.000002
17,18,-108.788046,0.000002
17,19,-108.788046,0.000002
17,20,-108.788213,0.000001
17,21,-108.787173,0.000000
17,22,-108.787389,0.000001
17,23,-108.787400,-0.000010
17,24,-108.787217,0.000000
17,25,-108.787320,0.000000
17,26,-108.787181,0.000000
17,27,-108.787186,-0.000010
17,28,-108.787565,0.000001
17,29,-108.787164,0.000000
17,30,-108.787182,0.000000
17,31,-108.787510,0.000001
17,32,-108.787164,0.000000
17,33,-108.787221,0.000000
17,34,-108.787221,0.000000
17,35,-108.787310,0.000000
17,36,-108.787164,0.000000
17,37,-108.787176,-0.000003
17,38,-108.787190,0.000000
17,39,-108.787235,0.000000
17,40,-108.787234,0.000000
17,41,-108.787332,0.000000
17,42,-108.787216,0.000000
17,43,-108.787224,0.000000
17,44,-108.787248,-0.000025
17,45,-108.787273,0.000000
17,46,-108.787273,0.000000
17,47,-108.787189,-0.000014
17,48,-108.787212,0.000000
17,49,-108.787239,-0.000027
18,19,-108.788873,0.000005
18,20,-108.789028,0.000016
18,21,-108.788002,0.000001
18,22,-108.788186,0.000033
18,23,-108.788218,0.000001
18,24,-108.788047,0.000000
18,25,-108.788148,0.000003
18,26,-108.788011,0.000001
18,27,-108.788006,0.000000
18,28,-108.788392,0.000004
18,29,-108.787994,0.000000
18,30,-108.788012,0.000000
18,31,-108.788336,0.000004
18,32,-108.787994,0.000000
18,33,-108.788051,0.000000
18,34,-108.788099,-0.000048
18,35,-108.788138,0.000002
18,36,-108.787994,0.000000
18,37,-108.788003,0.000000
18,38,-108.788021,-0.000000
18,39,-108.788061,0.000004
18,40,-108.788060,0.000005
18,41,-108.788152,0.000010
18,42,-108.788043,0.000003
18,43,-108.788052,0.000002
18,44,-108.788054,0.000000
18,45,-108.788214,-0.000110
18,46,-108.788104,-0.000000
18,47,-108.788005,0.000000
18,48,-108.788041,0.000001
18,49,-108.788042,-0.000000
19,20,-108.789027,0.000016
19,21,-108.788002,0.000001
19,22,-108.788218,0.000001
19,23,-108.788186,0.000033
19,24,-108.788131,-0.000083
19,25,-108.788148,0.000003
19,26,-108.788011,0.000001
19,27,-108.788006,0.000000
19,28,-108.788392,0.000004
19,29,-108.787994,0.000000
19,30,-108.788023,-0.000011
19,31,-108.788336,0.000004
19,32,-108.787994,0.000000
19,33,-108.788099,-0.000048
19,34,-108.788051,0.000000
19,35,-108.788138,0.000002
19,36,-108.787994,0.000000
19,37,-108.788003,0.000000
19,38,-108.788081,-0.000060
19,39,-108.788059,0.000005
19,40,-108.788059,0.000005
19,41,-108.788164,-0.000003
19,42,-108.788043,0.000003
19,43,-108.788054,0.000000
19,44,-108.788051,0.000002
19,45,-108.788104,-0.000000
19,46,-108.788214,-0.000110
19,47,-108.788005,0.000000
19,48,-108.788042,-0.000000
19,49,-108.788040,0.000001
20,21,-108.788167,0.000002
20,22,-108.788381,0.000004
20,23,-108.788381,0.000004
20,24,-108.788211,0.000003
20,25,-108.788291,0.000025
20,26,-108.788178,-0.000000
20,27,-108.788172,0.000001
20,28,-108.788676,-0.000114
20,29,-108.788160,0.000000
20,30,-108.788176,0.000002
20,31,-108.788503,0.000003
20,32,-108.788160,0.000000
20,33,-108.788212,0.000005
20,34,-108.788212,0.000005
20,35,-108.788405,-0.000099
20,36,-108.788160,0.000000
20,37,-108.788168,0.000001
20,38,-108.788186,0.000001
20,39,-108.788230,0.000000
20,40,-108.788229,0.000001
20,41,-108.788325,0.000002
20,42,-108.788211,0.000001
20,43,-108.788218,0.000002
20,44,-108.788218,0.000002
20,45,-108.788269,0.000001
20,46,-108.788269,0.000001
20,47,-108.788171,0.000000
20,48,-108.788206,0.000001
20,49,-108.788206,0.000001
21,22,-108.787345,0.000000
21,23,-108.787345,0.000000
21,24,-108.787172,0.000000
21,25,-108.787275,0.000000
21,26,-108.787138,-0.000001
21,27,-108.787131,0.000000
21,28,-108.787521,0.000000
21,29,-108.787121,-0.000002
21,30,-108.787137,0.000000
21,31,-108.787466,0.000000
21,32,-108.787120,-0.000000
21,33,-108.787175,0.000001
21,34,-108.787175,0.000001
21,35,-108.787265,0.000000
21,36,-108.787120,-0.000001
21,37,-108.787128,0.000000
21,38,-108.787145,0.000000
21,39,-108.787190,0.000000
21,40,-108.787190,-0.000001
21,41,-108.787287,0.000000
21,42,-108.787171,0.000000
21,43,-108.787179,0.000000
21,44,-108.787179,0.000000
21,45,-108.787229,0.000000
21,46,-108.787229,0.000000
21,47,-108.787130,0.000000
21,48,-108.787167,0.000000
21,49,-108.787167,0.000000
22,23,-108.787561,0.000001
22,24,-108.787389,0.000001
22,25,-108.787490,0.000001
22,26,-108.787353,0.000001
22,27,-108.787348,0.000000
22,28,-108.787736,0.000001
22,29,-108.787335,0.000000
22,30,-108.787354,0.000000
22,31,-108.787679,0.000003
22,32,-108.787336,0.000000
22,33,-108.787393,0.000000
22,34,-108.787391,0.000002
22,35,-108.787481,0.000001
22,36,-108.787335,0.000000
22,37,-108.787344,0.000000
22,38,-108.787362,0.000000
22,39,-108.787405,0.000002
22,40,-108.787404,0.000002
22,41,-108.787497,0.000007
22,42,-108.787386,0.000002
22,43,-108.787442,-0.000046
22,44,-108.787395,-0.000000
22,45,-108.787444,0.000001
22,46,-108.787446,-0.000000
22,47,-108.787347,0.000000
22,48,-108.787416,-0.000033
22,49,-108.787384,-0.000000
23,24,-108.787389,0.000001
23,25,-108.787490,0.000001
23,26,-108.787353,0.000001
23,27,-108.787392,-0.000044
23,28,-108.787736,0.000001
23,29,-108.787335,0.000000
23,30,-108.787354,0.000000
23,31,-108.787679,0.000003
23,32,-108.787336,0.000000
23,33,-108.787391,0.000002
23,34,-108.787392,0.000000
23,35,-108.787481,0.000001
23,36,-108.787335,0.000000
23,37,-108.787345,-0.000000
23,38,-108.787362,0.000000
23,39,-108.787404,0.000002
23,40,-108.787404,0.000002
23,41,-108.787506,-0.000002
23,42,-108.787386,0.000002
23,43,-108.787395,-0.000000
23,44,-108.787442,-0.000046
23,45,-108.787446,-0.000000
23,46,-108.787444,0.000001
23,47,-108.787349,-0.000002
23,48,-108.787384,-0.000000
23,49,-108.787416,-0.000033
24,25,-108.787319,0.000001
24,26,-108.787181,0.000000
24,27,-108.787174,0.000002
24,28,-108.787565,0.000001
24,29,-108.787163,0.000000
24,30,-108.787188,-0.000007
24,31,-108.787510,0.000000
24,32,-108.787164,0.000000
24,33,-108.787225,-0.000005
24,34,-108.787220,0.000000
24,35,-108.787308,0.000001
24,36,-108.787163,0.000000
24,37,-108.787172,0.000000
24,38,-108.787208,-0.000018
24,39,-108.787234,0.000000
24,40,-108.787234,0.000000
24,41,-108.787331,0.000000
24,42,-108.787215,0.000000
24,43,-108.787223,0.000000
24,44,-108.787223,0.000000
24,45,-108.787273,0.000000
24,46,-108.787345,-0.000072
24,47,-108.787174,0.000001
24,48,-108.787211,0.000000
24,49,-108.787211,0.000000
25,26,-108.787284,-0.000000
25,27,-108.787278,0.000000
25,28,-108.787665,0.000004
25,29,-108.787266,0.000000
25,30,-108.787284,0.000000
25,31,-108.787612,0.000001
25,32,-108.787267,0.000000
25,33,-108.787322,0.000001
25,34,-108.787322,0.000001
25,35,-108.787410,0.000002
25,36,-108.787266,0.000000
25,37,-108.787275,0.000001
25,38,-108.787292,0.000000
25,39,-108.787336,0.000000
25,40,-108.787336,0.000000
25,41,-108.787433,0.000001
25,42,-108.787322,-0.000004
25,43,-108.787325,0.000001
25,44,-108.787325,0.000001
25,45,-108.787376,0.000000
25,46,-108.787376,0.000000
25,47,-108.787277,0.000000
25,48,-108.787314,0.000000
25,49,-108.787314,0.000000
26,27,-108.787140,0.000000
26,28,-108.787530,0.000000
26,29,-108.787127,0.000000
26,30,-108.787146,-0.000000
26,31,-108.787474,0.000000
26,32,-108.787128,-0.000000
26,33,-108.787185,-0.000000
26,34,-108.787185,-0.000000
26,35,-108.787274,0.000000
26,36,-108.787128,0.000000
26,37,-108.787137,0.000000
26,38,-108.787154,0.000000
26,39,-108.787198,0.000000
26,40,-108.787198,0.000000
26,41,-108.787300,-0.000005
26,42,-108.787180,0.000000
26,43,-108.787187,0.000000
26,44,-108.787187,0.000000
26,45,-108.787237,0.000000
26,46,-108.787237,0.000000
26,47,-108.787139,0.000000
26,48,-108.787176,-0.000000
26,49,-108.787176,-0.000000
27,28,-108.787524,0.000000
27,29,-108.787122,0.000000
27,30,-108.787140,0.000000
27,31,-108.787468,0.000000
27,32,-108.787123,0.000000
27,33,-108.787179,0.000000
27,34,-108.787179,0.000000
27,35,-108.787268,0.000000
27,36,-108.787122,0.000000
27,37,-108.787131,-0.000000
27,38,-108.787148,0.000000
27,39,-108.787193,0.000000
27,40,-108.787193,0.000000
27,41,-108.787290,0.000000
27,42,-108.787174,0.000000
27,43,-108.787182,0.000000
27,44,-108.787182,-0.000000
27,45,-108.787232,0.000000
27,46,-108.787232,0.000000
27,47,-108.787134,-0.000001
27,48,-108.787170,0.000000
27,49,-108.787174,-0.000004
28,29,-108.787512,-0.000000
28,30,-108.787529,0.000001
28,31,-108.787830,0.000029
28,32,-108.787512,0.000000
28,33,-108.787568,0.000001
28,34,-108.787568,0.000001
28,35,-108.787662,-0.000004
28,36,-108.787512,0.000000
28,37,-108.787520,0.000000
28,38,-108.787538,0.000000
28,39,-108.787586,-0.000003
28,40,-108.787582,0.000000
28,41,-108.787679,0.000001
28,42,-108.787564,0.000000
28,43,-108.787571,0.000000
28,44,-108.787571,0.000000
28,45,-108.787621,0.000001
28,46,-108.787621,0.000001
28,47,-108.787523,0.000000
28,48,-108.787559,0.000001
28,49,-108.787559,0.000001
29,30,-108.787128,0.000000
29,31,-108.787456,0.000000
29,32,-108.787110,0.000000
29,33,-108.787167,0.000000
29,34,-108.787167,0.000000
29,35,-108.787256,0.000000
29,36,-108.787110,-0.000000
29,37,-108.787119,0.000000
29,38,-108.787136,0.000000
29,39,-108.787180,-0.000000
29,40,-108.787183,-0.000003
29,41,-108.787278,0.000000
29,42,-108.787162,0.000000
29,43,-108.787169,0.000000
29,44,-108.787169,0.000000
29,45,-108.787220,0.000000
29,46,-108.787219,0.000000
29,47,-108.787121,0.000000
29,48,-108.787158,0.000000
29,49,-108.787158,0.000000
30,31,-108.787474,0.000000
30,32,-108.787128,0.000000
30,33,-108.787212,-0.000027
30,34,-108.787185,0.000000
30,35,-108.787274,0.000000
30,36,-108.787128,0.000000
30,37,-108.787136,0.000001
30,38,-108.787158,-0.000003
30,39,-108.787199,0.000000
30,40,-108.787198,0.000000
30,41,-108.787296,0.000000
30,42,-108.787180,0.000000
30,43,-108.787188,0.000000
30,44,-108.787188,0.000000
30,45,-108.787238,0.000000
30,46,-108.787238,0.000000
30,47,-108.787139,0.000000
30,48,-108.787176,0.000000
30,49,-108.787176,0.000000
31,32,-108.787457,-0.000000
31,33,-108.787513,0.000000
31,34,-108.787513,0.000000
31,35,-108.787600,0.000002
31,36,-108.787456,0.000000
31,37,-108.787465,0.000000
31,38,-108.787483,0.000000
31,39,-108.787526,0.000001
31,40,-108.787526,0.000001
31,41,-108.787623,0.000001
31,42,-108.787516,-0.000007
31,43,-108.787516,0.000000
31,44,-108.787516,0.000000
31,45,-108.787566,0.000001
31,46,-108.787566,0.000001
31,47,-108.787467,0.000000
31,48,-108.787504,0.000000
31,49,-108.787504,0.000000
32,33,-108.787167,0.000000
32,34,-108.787167,0.000000
32,35,-108.787256,0.000000
32,36,-108.787110,0.000000
32,37,-108.787119,0.000000
32,38,-108.787137,0.000000
32,39,-108.787181,0.000000
32,40,-108.787181,0.000000
32,41,-108.787285,-0.000007
32,42,-108.787162,-0.000000
32,43,-108.787170,0.000000
32,44,-108.787170,0.000000
32,45,-108.787220,0.000000
32,46,-108.787220,0.000000
32,47,-108.787121,0.000000
32,48,-108.787158,0.000000
32,49,-108.787158,0.000000
33,34,-108.787224,0.000000
33,35,-108.787312,0.000000
33,36,-108.787167,0.000000
33,37,-108.787176,0.000000
33,38,-108.787217,-0.000024
33,39,-108.787237,0.000000
33,40,-108.787237,0.000000
33,41,-108.787335,-0.000000
33,42,-108.787219,0.000000
33,43,-108.787226,0.000000
33,44,-108.787225,0.000001
33,45,-108.787277,0.000000
33,46,-108.787278,-0.000002
33,47,-108.787178,0.000000
33,48,-108.787215,0.000000
33,49,-108.787214,0.000001
34,35,-108.787312,0.000000
34,36,-108.787167,0.000000
34,37,-108.787176,0.000000
34,38,-108.787193,-0.000000
34,39,-108.787237,0.000000
34,40,-108.787237,0.000000
34,41,-108.787334,0.000001
34,42,-108.787219,0.000000
34,43,-108.787225,0.000001
34,44,-108.787226,0.000000
34,45,-108.787278,-0.000002
34,46,-108.787277,0.000000
34,47,-108.787178,0.000000
34,48,-108.787214,0.000001
34,49,-108.787215,0.000000
35,36,-108.787256,-0.000000
35,37,-108.787265,0.000000
35,38,-108.787282,0.000000
35,39,-108.787334,-0.000007
35,40,-108.787326,0.000000
35,41,-108.787423,0.000001
35,42,-108.787308,0.000000
35,43,-108.787315,0.000000
35,44,-108.787315,0.000000
35,45,-108.787365,0.000000
35,46,-108.787365,0.000000
35,47,-108.787267,0.000000
35,48,-108.787304,0.000000
35,49,-108.787304,0.000000
36,37,-108.787119,0.000000
36,38,-108.787136,0.000000
36,39,-108.787180,0.000000
36,40,-108.787188,-0.000007
36,41,-108.787278,0.000000
36,42,-108.787162,0.000000
36,43,-108.787170,0.000000
36,44,-108.787169,0.000000
36,45,-108.787220,0.000000
36,46,-108.787220,0.000000
36,47,-108.787121,0.000000
36,48,-108.787158,0.000000
36,49,-108.787158,0.000000
37,38,-108.787145,0.000000
37,39,-108.787189,0.000000
37,40,-108.787189,0.000000
37,41,-108.787287,0.000000
37,42,-108.787171,0.000000
37,43,-108.787179,0.000000
37,44,-108.787196,-0.000017
37,45,-108.787229,0.000000
37,46,-108.787229,0.000000
37,47,-108.787130,-0.000000
37,48,-108.787167,0.000000
37,49,-108.787168,-0.000001
38,39,-108.787207,0.000000
38,40,-108.787207,0.000000
38,41,-108.787304,0.000000
38,42,-108.787188,0.000000
38,43,-108.787196,0.000000
38,44,-108.787196,0.000000
38,45,-108.787246,0.000000
38,46,-108.787287,-0.000041
38,47,-108.787147,0.000000
38,48,-108.787184,0.000000
38,49,-108.787184,0.000000
39,40,-108.787251,0.000000
39,41,-108.787348,0.000000
39,42,-108.787230,0.000003
39,43,-108.787240,0.000000
39,44,-108.787240,0.000000
39,45,-108.787290,0.000000
39,46,-108.787290,0.000001
39,47,-108.787192,0.000000
39,48,-108.787228,0.000000
39,49,-108.787228,0.000000
40,41,-108.787345,0.000003
40,42,-108.787232,0.000000
40,43,-108.787240,0.000000
40,44,-108.787240,0.000000
40,45,-108.787290,0.000001
40,46,-108.787290,0.000001
40,47,-108.787191,0.000000
40,48,-108.787228,0.000000
40,49,-108.787228,0.000000
41,42,-108.787330,0.000000
41,43,-108.787337,0.000001
41,44,-108.787338,-0.000000
41,45,-108.787386,0.000002
41,46,-108.787388,-0.000001
41,47,-108.787289,0.000000
41,48,-108.787325,0.000001
41,49,-108.787326,-0.000000
42,43,-108.787221,0.000000
42,44,-108.787221,0.000000
42,45,-108.787271,0.000000
42,46,-108.787271,0.000000
42,47,-108.787173,0.000000
42,48,-108.787210,0.000000
42,49,-108.787210,0.000000
43,44,-108.787229,0.000000
43,45,-108.787278,0.000002
43,46,-108.787279,0.000000
43,47,-108.787181,0.000000
43,48,-108.787231,-0.000013
43,49,-108.787217,0.000000
44,45,-108.787279,0.000000
44,46,-108.787278,0.000002
44,47,-108.787182,-0.000002
44,48,-108.787217,0.000000
44,49,-108.787231,-0.000013
45,46,-108.787329,0.000000
45,47,-108.787231,0.000000
45,48,-108.787264,0.000003
45,49,-108.787267,0.000000
46,47,-108.787231,0.000000
46,48,-108.787267,0.000000
46,49,-108.787264,0.000003
47,48,-108.787169,-0.000000
47,49,-108.787204,-0.000035
48,49,-108.787205,0.000000
