-1.581655500521792490e+01
-1.581649817003945024e+01
-1.035601951701945245e+00
-1.025149072036642073e+00
-3.411740696733844835e-01
-3.291051104634981073e-01
-3.291051104634364344e-01
-1.816805328705758671e-01
-1.816805328705248246e-01
-1.603558869551793553e-01
5.371178914694731965e-01
5.983583698905114989e-01
5.983583698905234893e-01
6.352613473761961060e-01
6.352613473761977714e-01
6.396980504076508200e-01
6.566245035793003559e-01
7.919034137425166042e-01
1.210692407334573062e+00
1.214611147636535771e+00
1.214611147636573074e+00
1.216352409170905258e+00
1.216352409170908588e+00
1.219400573524825893e+00
1.219400573524826559e+00
1.223496929174651138e+00
1.223496929174687331e+00
1.244799998817187170e+00
3.109634288926394152e+00
3.131534656561553387e+00
3.131534656561568930e+00
3.157941355986436882e+00
3.157941355986467524e+00
3.225348234248626156e+00
4.162575847146004371e+00
4.162575847150877806e+00
4.162620796348421415e+00
4.162620796348424079e+00
4.162778316316219751e+00
4.162795810594988488e+00
4.162795810594992041e+00
4.162796187042077101e+00
4.162796187042080653e+00
4.162852390356645671e+00
4.162852390356646559e+00
4.162878160867496291e+00
4.162878160872374167e+00
4.163341580119587881e+00
4.734303817573832340e+00
4.737192637722847266e+00
4.737192637723451227e+00
4.738089672653284623e+00
4.738089672653289064e+00
4.738216574065023501e+00
4.738216574065027054e+00
4.739432742650518726e+00
4.739432742651120023e+00
4.748519014585736997e+00
5.545234183692279828e+00
5.701212843110390338e+00
