0.000000000000000000e+00 -9.603910685958792328e+02 4.849576381408269299e-01
1.000000000000000000e+00 -9.604267176194929334e+02 4.493086145271263376e-01
2.000000000000000000e+00 -9.604567944749708204e+02 4.192317590492393720e-01
3.000000000000000000e+00 -9.604798386899980187e+02 3.961875440220410383e-01
4.000000000000000000e+00 -9.604973634235357167e+02 3.786628104843430265e-01
5.000000000000000000e+00 -9.605101431798196927e+02 3.658830542003670416e-01
6.000000000000000000e+00 -9.605214581035388619e+02 3.545681304811978407e-01
7.000000000000000000e+00 -9.605312487114922533e+02 3.447775225278064681e-01
8.000000000000000000e+00 -9.605413057103160099e+02 3.347205237040498105e-01
9.000000000000000000e+00 -9.605513250961656695e+02 3.247011378543902538e-01
1.000000000000000000e+01 -9.605610659184244469e+02 3.149603155956128830e-01
1.100000000000000000e+01 -9.605704640063682973e+02 3.055622276517624414e-01
1.200000000000000000e+01 -9.605786496998746316e+02 2.973765341454281952e-01
1.300000000000000000e+01 -9.605853715198253440e+02 2.906547141947157797e-01
1.400000000000000000e+01 -9.605919624276485820e+02 2.840638063714777672e-01
1.500000000000000000e+01 -9.605985887448808853e+02 2.774374891391744313e-01
1.600000000000000000e+01 -9.606044617150126896e+02 2.715645190073701087e-01
1.700000000000000000e+01 -9.606113648305001789e+02 2.646614035198808779e-01
1.800000000000000000e+01 -9.606181179460221529e+02 2.579082879979068821e-01
1.900000000000000000e+01 -9.606249308917005010e+02 2.510953423195587675e-01
2.000000000000000000e+01 -9.606321763350825904e+02 2.438498989374693338e-01
2.100000000000000000e+01 -9.606386208957586632e+02 2.374053382613965368e-01
2.200000000000000000e+01 -9.606442923616530152e+02 2.317338723670445688e-01
2.300000000000000000e+01 -9.606489161111474004e+02 2.271101228726593035e-01
2.400000000000000000e+01 -9.606525973653810979e+02 2.234288686389618306e-01
2.500000000000000000e+01 -9.606550917432053893e+02 2.209344908146704256e-01
2.600000000000000000e+01 -9.606584993524368201e+02 2.175268815832396285e-01
2.700000000000000000e+01 -9.606609578282918847e+02 2.150684057281750938e-01
2.800000000000000000e+01 -9.606640438587049857e+02 2.119823753150740231e-01
2.900000000000000000e+01 -9.606673206476041287e+02 2.087055864159310659e-01
3.000000000000000000e+01 -9.606701323351716155e+02 2.058938988484442234e-01
3.100000000000000000e+01 -9.606732229874068025e+02 2.028032466132572154e-01
3.200000000000000000e+01 -9.606759257752006533e+02 2.001004588194064127e-01
3.300000000000000000e+01 -9.606783283234998407e+02 1.976979105202190112e-01
3.400000000000000000e+01 -9.606808497792841308e+02 1.951764547359289281e-01
3.500000000000000000e+01 -9.606833115974169459e+02 1.927146366031138314e-01
3.600000000000000000e+01 -9.606852005327721145e+02 1.908257012479452897e-01
3.700000000000000000e+01 -9.606876124513429431e+02 1.884137826771166147e-01
3.800000000000000000e+01 -9.606898505994365678e+02 1.861756345834919557e-01
3.900000000000000000e+01 -9.606917498325889255e+02 1.842764014311342180e-01
4.000000000000000000e+01 -9.606938448739399519e+02 1.821813600801078792e-01
4.100000000000000000e+01 -9.606959554765348912e+02 1.800707574851685422e-01
4.200000000000000000e+01 -9.606987514468776226e+02 1.772747871424371624e-01
4.300000000000000000e+01 -9.607007744509088525e+02 1.752517831112072599e-01
4.400000000000000000e+01 -9.607034197079342448e+02 1.726065260858149486e-01
4.500000000000000000e+01 -9.607065703568655408e+02 1.694558771545189302e-01
4.600000000000000000e+01 -9.607095062468896458e+02 1.665199871304139378e-01
4.700000000000000000e+01 -9.607122096993432478e+02 1.638165346768118980e-01
4.800000000000000000e+01 -9.607152275889029625e+02 1.607986451170972941e-01
4.900000000000000000e+01 -9.607180524504611867e+02 1.579737835588730377e-01
5.000000000000000000e+01 -9.607214058167107851e+02 1.546204173092746714e-01
5.100000000000000000e+01 -9.607252559579675335e+02 1.507702760525262420e-01
5.200000000000000000e+01 -9.607287313805577469e+02 1.472948534623128580e-01
5.300000000000000000e+01 -9.607330371085274692e+02 1.429891254925905741e-01
5.400000000000000000e+01 -9.607373731280209768e+02 1.386531059990829817e-01
5.500000000000000000e+01 -9.607410069077633352e+02 1.350193262567245256e-01
5.600000000000000000e+01 -9.607457211003610382e+02 1.303051336590215215e-01
5.700000000000000000e+01 -9.607508645051167377e+02 1.251617289033220004e-01
5.800000000000000000e+01 -9.607561310702240007e+02 1.198951637960590233e-01
5.900000000000000000e+01 -9.607610415019120182e+02 1.149847321080414986e-01
6.000000000000000000e+01 -9.607656834359695495e+02 1.103427980505102823e-01
6.100000000000000000e+01 -9.607705559410278511e+02 1.054702929922086696e-01
6.200000000000000000e+01 -9.607744728960340126e+02 1.015533379860471541e-01
6.300000000000000000e+01 -9.607793317206925394e+02 9.669451332752032613e-02
6.400000000000000000e+01 -9.607836341031176062e+02 9.239213090245357307e-02
6.500000000000000000e+01 -9.607880553073168812e+02 8.797092670317852026e-02
6.600000000000000000e+01 -9.607931595445334096e+02 8.286668948665010248e-02
6.700000000000000000e+01 -9.607975958201901676e+02 7.843041382989213162e-02
6.800000000000000000e+01 -9.608012898822860279e+02 7.473635173403181398e-02
6.900000000000000000e+01 -9.608060701877851670e+02 6.995604623489271034e-02
7.000000000000000000e+01 -9.608102907486462527e+02 6.573548537380702328e-02
7.100000000000000000e+01 -9.608143556870404609e+02 6.167054697959883924e-02
7.200000000000000000e+01 -9.608183633478214460e+02 5.766288619861370535e-02
7.300000000000000000e+01 -9.608221814152168463e+02 5.384481880321345670e-02
7.400000000000000000e+01 -9.608254377539896041e+02 5.058848003045568475e-02
7.500000000000000000e+01 -9.608284529461475358e+02 4.757328787252390612e-02
7.600000000000000000e+01 -9.608315505851240914e+02 4.447564889596833382e-02
7.700000000000000000e+01 -9.608348139392555822e+02 4.121229476447751949e-02
7.800000000000000000e+01 -9.608374354496037313e+02 3.859078441632846079e-02
7.900000000000000000e+01 -9.608389133054274680e+02 3.711292859259174293e-02
8.000000000000000000e+01 -9.608419056679545065e+02 3.412056606555324834e-02
8.100000000000000000e+01 -9.608434115341990491e+02 3.261469982101061760e-02
8.200000000000000000e+01 -9.608453951230643497e+02 3.063111095571002807e-02
8.300000000000000000e+01 -9.608465652377054766e+02 2.946099631458309887e-02
8.400000000000000000e+01 -9.608483902639831058e+02 2.763597003695394960e-02
8.500000000000000000e+01 -9.608501194836566128e+02 2.590675036344691762e-02
8.600000000000000000e+01 -9.608512259382188176e+02 2.480029580124210042e-02
8.700000000000000000e+01 -9.608518178927436111e+02 2.420834127644866385e-02
8.800000000000000000e+01 -9.608531635626693514e+02 2.286267135070829681e-02
8.900000000000000000e+01 -9.608535736881392495e+02 2.245254588081024849e-02
9.000000000000000000e+01 -9.608545390484321160e+02 2.148718558794371347e-02
9.100000000000000000e+01 -9.608551695065300464e+02 2.085672749001332704e-02
9.200000000000000000e+01 -9.608556670274539329e+02 2.035920656612688617e-02
9.300000000000000000e+01 -9.608567593536403137e+02 1.926688037974599865e-02
9.400000000000000000e+01 -9.608576371463179839e+02 1.838908770207581256e-02
9.500000000000000000e+01 -9.608574080477250163e+02 1.861818629504341516e-02
9.600000000000000000e+01 -9.608579166796744175e+02 1.810955434564220923e-02
9.700000000000000000e+01 -9.608580101310714099e+02 1.801610294864985917e-02
9.800000000000000000e+01 -9.608586852127529028e+02 1.734102126715697523e-02
9.900000000000000000e+01 -9.608587446144467776e+02 1.728161957328211429e-02
1.000000000000000000e+02 -9.608593243100394830e+02 1.670192398057679384e-02
1.010000000000000000e+02 -9.608594343403992752e+02 1.659189362078450358e-02
1.020000000000000000e+02 -9.608597734206693985e+02 1.625281335066119937e-02
1.030000000000000000e+02 -9.608601242909155644e+02 1.590194310449533077e-02
1.040000000000000000e+02 -9.608602172962159784e+02 1.580893780408132443e-02
1.050000000000000000e+02 -9.608604511330297555e+02 1.557510099030423589e-02
1.060000000000000000e+02 -9.608600669194697730e+02 1.595931455028676282e-02
1.070000000000000000e+02 -9.608610849423719174e+02 1.494129164814239630e-02
1.080000000000000000e+02 -9.608613982241532767e+02 1.462800986678303161e-02
1.090000000000000000e+02 -9.608609844457930649e+02 1.504178822699486773e-02
1.100000000000000000e+02 -9.608610005165224948e+02 1.502571749756498320e-02
1.110000000000000000e+02 -9.608612229444512423e+02 1.480328956881749036e-02
1.120000000000000000e+02 -9.608613867957095636e+02 1.463943831049618893e-02
1.130000000000000000e+02 -9.608614545261466446e+02 1.457170787341510731e-02
1.140000000000000000e+02 -9.608613252671991631e+02 1.470096682089661044e-02
1.150000000000000000e+02 -9.608619668805193896e+02 1.405935350067011314e-02
1.160000000000000000e+02 -9.608621121572488164e+02 1.391407677124334441e-02
1.170000000000000000e+02 -9.608619207481568765e+02 1.410548586318327580e-02
1.180000000000000000e+02 -9.608618936349311070e+02 1.413259908895270200e-02
1.190000000000000000e+02 -9.608618138699850988e+02 1.421236403496095591e-02
1.200000000000000000e+02 -9.608619831107255322e+02 1.404312329452750419e-02
1.210000000000000000e+02 -9.608618451644040306e+02 1.418106961602916272e-02
1.220000000000000000e+02 -9.608619210653139362e+02 1.410516870612354978e-02
1.230000000000000000e+02 -9.608622708130441197e+02 1.375542097594006918e-02
1.240000000000000000e+02 -9.608619896806155793e+02 1.403655340448040079e-02
1.250000000000000000e+02 -9.608619611333435842e+02 1.406510067647559481e-02
1.260000000000000000e+02 -9.608626693472921261e+02 1.335688672793367004e-02
1.270000000000000000e+02 -9.608626432374130673e+02 1.338299660699249216e-02
1.280000000000000000e+02 -9.608628939380256497e+02 1.313229599441001483e-02
1.290000000000000000e+02 -9.608626104563376202e+02 1.341577768243951141e-02
1.300000000000000000e+02 -9.608620728565598483e+02 1.395337746021141356e-02
1.310000000000000000e+02 -9.608624235020394053e+02 1.360273198065442557e-02
1.320000000000000000e+02 -9.608628763187568893e+02 1.314991526317044190e-02
1.330000000000000000e+02 -9.608628981703401450e+02 1.312806367991470324e-02
1.340000000000000000e+02 -9.608627116923938729e+02 1.331454162618683768e-02
1.350000000000000000e+02 -9.608629278368237010e+02 1.309839719635874644e-02
1.360000000000000000e+02 -9.608629507506537948e+02 1.307548336626496166e-02
1.370000000000000000e+02 -9.608628486700005169e+02 1.317756401954284229e-02
1.380000000000000000e+02 -9.608634433223154474e+02 1.258291170461234287e-02
1.390000000000000000e+02 -9.608632048530246266e+02 1.282138099543317367e-02
1.400000000000000000e+02 -9.608629734182136417e+02 1.305281580641803885e-02
1.410000000000000000e+02 -9.608633708669788120e+02 1.265536704124770040e-02
1.420000000000000000e+02 -9.608633579056089502e+02 1.266832841110954178e-02
1.430000000000000000e+02 -9.608630675110625816e+02 1.295872295747813041e-02
1.440000000000000000e+02 -9.608632534434287891e+02 1.277279059127067740e-02
1.450000000000000000e+02 -9.608638202911604367e+02 1.220594285962306458e-02
1.460000000000000000e+02 -9.608634971040579558e+02 1.252912996210397978e-02
1.470000000000000000e+02 -9.608637067761817434e+02 1.231945783831633889e-02
1.480000000000000000e+02 -9.608640560997069997e+02 1.197013431306004350e-02
1.490000000000000000e+02 -9.608643290266246595e+02 1.169720739540025534e-02
1.500000000000000000e+02 -9.608641938327499474e+02 1.183240127011231380e-02
1.510000000000000000e+02 -9.608637190419083254e+02 1.230719211173436634e-02
1.520000000000000000e+02 -9.608637234367117799e+02 1.230279730827987805e-02
1.530000000000000000e+02 -9.608641236862802089e+02 1.190254773985088832e-02
1.540000000000000000e+02 -9.608645671493774216e+02 1.145908464263811766e-02
1.550000000000000000e+02 -9.608642098799662108e+02 1.181635405384895421e-02
1.560000000000000000e+02 -9.608649156648112921e+02 1.111056920876762888e-02
1.570000000000000000e+02 -9.608647696528846609e+02 1.125658113539884653e-02
1.580000000000000000e+02 -9.608646980817269423e+02 1.132815229311745497e-02
1.590000000000000000e+02 -9.608646861402470449e+02 1.134009377301481436e-02
1.600000000000000000e+02 -9.608650858597443403e+02 1.094037427571947774e-02
1.610000000000000000e+02 -9.608652280120978730e+02 1.079822192218671262e-02
1.620000000000000000e+02 -9.608659623507794549e+02 1.006388324060480954e-02
1.630000000000000000e+02 -9.608654810127114843e+02 1.054522130857549200e-02
1.640000000000000000e+02 -9.608656781137101461e+02 1.034812030991361098e-02
1.650000000000000000e+02 -9.608654708254073284e+02 1.055540861273129849e-02
1.660000000000000000e+02 -9.608660972007413648e+02 9.929033278694987530e-03
1.670000000000000000e+02 -9.608663394411067884e+02 9.686792913271347061e-03
1.680000000000000000e+02 -9.608656168095091061e+02 1.040942451095361321e-02
1.690000000000000000e+02 -9.608660912688590088e+02 9.934965161050968163e-03
1.700000000000000000e+02 -9.608662874699936083e+02 9.738764026451462996e-03
1.710000000000000000e+02 -9.608665222048148280e+02 9.504029205231745436e-03
1.720000000000000000e+02 -9.608665448709530210e+02 9.481363067038728332e-03
1.730000000000000000e+02 -9.608666802938532783e+02 9.345940166781474545e-03
1.740000000000000000e+02 -9.608670621905208691e+02 8.964043499190665898e-03
1.750000000000000000e+02 -9.608672302265023291e+02 8.796007517730686232e-03
1.760000000000000000e+02 -9.608673006310411893e+02 8.725602978870483639e-03
1.770000000000000000e+02 -9.608671800909792182e+02 8.846143040841525362e-03
1.780000000000000000e+02 -9.608670912209277049e+02 8.935013092354893161e-03
1.790000000000000000e+02 -9.608670163495496581e+02 9.009884470401630097e-03
1.800000000000000000e+02 -9.608677249973561629e+02 8.301236663896816026e-03
1.810000000000000000e+02 -9.608673645853069729e+02 8.661648713086833595e-03
1.820000000000000000e+02 -9.608676039346427160e+02 8.422299377343733795e-03
1.830000000000000000e+02 -9.608678926511091731e+02 8.133582910886616446e-03
1.840000000000000000e+02 -9.608677410068067957e+02 8.285227213264079182e-03
1.850000000000000000e+02 -9.608679873839356560e+02 8.038850084403748042e-03
1.860000000000000000e+02 -9.608686145553264168e+02 7.411678693642897997e-03
1.870000000000000000e+02 -9.608679087035511657e+02 8.117530468894074147e-03
1.880000000000000000e+02 -9.608683707606925282e+02 7.655473327531581162e-03
1.890000000000000000e+02 -9.608682066585802204e+02 7.819575439839354658e-03
1.900000000000000000e+02 -9.608680455166762613e+02 7.980717343798460206e-03
1.910000000000000000e+02 -9.608688214307662747e+02 7.204803253785030392e-03
1.920000000000000000e+02 -9.608683531059555207e+02 7.673128064539014304e-03
1.930000000000000000e+02 -9.608678423377355102e+02 8.183896284549518896e-03
1.940000000000000000e+02 -9.608680406963740097e+02 7.985537646050033800e-03
1.950000000000000000e+02 -9.608682829481599583e+02 7.743285860101423168e-03
1.960000000000000000e+02 -9.608686976139247236e+02 7.328620095336191298e-03
1.970000000000000000e+02 -9.608685397193621611e+02 7.486514657898624137e-03
1.980000000000000000e+02 -9.608688905159859814e+02 7.135718034078308847e-03
1.990000000000000000e+02 -9.608688042718690667e+02 7.221962150993022078e-03
2.000000000000000000e+02 -9.608691411707552561e+02 6.885063264803648053e-03
2.010000000000000000e+02 -9.608690032162221542e+02 7.023017797905595216e-03
2.020000000000000000e+02 -9.608689223034228917e+02 7.103930597168073291e-03
2.030000000000000000e+02 -9.608690957666916574e+02 6.930467328402301064e-03
2.040000000000000000e+02 -9.608691733999664848e+02 6.852834053574952122e-03
2.050000000000000000e+02 -9.608688622466652305e+02 7.163987354829259857e-03
2.060000000000000000e+02 -9.608690976497834981e+02 6.928584236561619036e-03
2.070000000000000000e+02 -9.608686508078686757e+02 7.375426151384090190e-03
2.080000000000000000e+02 -9.608694406952411100e+02 6.585538778949739935e-03
2.090000000000000000e+02 -9.608692837967672631e+02 6.742437252796662506e-03
2.100000000000000000e+02 -9.608695628610075801e+02 6.463373012479678437e-03
2.110000000000000000e+02 -9.608691712834790906e+02 6.854950540969184658e-03
2.120000000000000000e+02 -9.608692749727794080e+02 6.751261240651729167e-03
2.130000000000000000e+02 -9.608692833002385214e+02 6.742933781538340554e-03
2.140000000000000000e+02 -9.608699012563834003e+02 6.124977636659423297e-03
2.150000000000000000e+02 -9.608696522705636198e+02 6.373963456439923903e-03
2.160000000000000000e+02 -9.608694357691929326e+02 6.590464827127107128e-03
