-1.571572026214962037e+01
-1.571364387729301626e+01
-1.397523961749122856e+00
-8.095040198028412570e-01
-6.218074545495837491e-01
-5.719015580974369239e-01
-5.719015580974345925e-01
1.142305192933087826e-01
1.142305192933094904e-01
4.109565117209501017e-01
5.758472096403935980e-01
5.778690563569309768e-01
5.778690563569315319e-01
6.657356534107107260e-01
7.167038076638493349e-01
7.167038076638566624e-01
8.240657718008868038e-01
1.029600924471449463e+00
1.055534711047031227e+00
1.055534711047031671e+00
1.277014686092434514e+00
1.277014686092435625e+00
1.474524480731304044e+00
1.474524480731304266e+00
1.918066110614513375e+00
1.918066110614520703e+00
1.927908643370003228e+00
2.056799110502635752e+00
3.158985751388816876e+00
3.158985751388824870e+00
3.268439144240009142e+00
3.421967712968677855e+00
3.421967712968683628e+00
3.805850817380297624e+00
3.805850817380298956e+00
3.863041671056626658e+00
3.912524288462678079e+00
3.912524288462684297e+00
4.008668120261448919e+00
4.008668120261449808e+00
4.256252469393899673e+00
4.371812579805093080e+00
4.371812579805093968e+00
4.755685142449354252e+00
4.755685142449361358e+00
4.783536847401234304e+00
4.862134285281387136e+00
4.862134285281389801e+00
4.970501976248915987e+00
4.970501976248918652e+00
5.113300535325542739e+00
5.113300535325544516e+00
5.276046767859729592e+00
5.276046767859732256e+00
5.730581235132381046e+00
5.858386373292652216e+00
6.396632102955528865e+00
6.429442942460458887e+00
6.429442942460464216e+00
1.343931840830818913e+01
