-1.30104e-17
-1.39575e-18
-9.97784e-19
-1.5094e-18
-1.39538e-18
1.83296e-18
-8.57371e-20
-1.36121e-18
-9.99478e-19
-8.57373e-20
-1.61446e-18
1.49748e-18
-1.5094e-18
-1.36121e-18
1.49749e-18
6.83049e-18
-1.46314e-18
0.188493
-9.3547e-05
-2.79565e-06
-0.188493
-4.13166e-19
1.5695e-05
1.48069e-05
9.3547e-05
-1.5695e-05
-2.50617e-19
-0.0329374
2.79565e-06
-1.48069e-05
0.0329374
3.65968e-19
-1.30951e-18
-9.3547e-05
0.166876
3.66665e-05
9.3547e-05
-1.74485e-19
0.000175727
-0.0170748
-0.166876
-0.000175727
-1.0143e-18
0.000100242
-3.66665e-05
0.0170748
-0.000100242
-9.91859e-19
-2.1599e-18
-2.79565e-06
3.66665e-05
0.168453
2.79565e-06
1.79558e-19
0.0154291
3.28408e-05
-3.66665e-05
-0.0154291
3.38325e-20
-1.30295e-05
-0.168453
-3.28408e-05
1.30295e-05
-1.97866e-18
-1.46321e-18
-0.188493
9.3547e-05
2.79565e-06
0.188493
-4.20314e-19
-1.5695e-05
-1.48069e-05
-9.3547e-05
1.5695e-05
-2.5062e-19
0.0329374
-2.79565e-06
1.48069e-05
-0.0329374
3.65922e-19
1.4501e-18
-2.50803e-19
-2.69337e-19
-2.03552e-20
-2.57595e-19
-3.81639e-17
-2.59196e-18
1.79485e-18
-2.69337e-19
-2.59196e-18
-1.30104e-17
-2.7302e-20
-2.0355e-20
1.79485e-18
-2.72679e-20
8.29415e-18
9.03956e-20
1.5695e-05
0.000175727
0.0154291
-1.5695e-05
8.77561e-19
0.163815
-9.42899e-05
-0.000175727
-0.163815
-2.58175e-18
-1.90852e-05
-0.0154291
9.42899e-05
1.90852e-05
2.0324e-19
5.56479e-19
1.48069e-05
-0.0170748
3.28408e-05
-1.48069e-05
-3.68035e-18
-9.42899e-05
0.165883
0.0170748
9.42899e-05
-5.8255e-20
-2.97536e-05
-3.28408e-05
-0.165883
2.97536e-05
2.40217e-18
-1.3112e-18
9.3547e-05
-0.166876
-3.66665e-05
-9.3547e-05
-1.74484e-19
-0.000175727
0.0170748
0.166876
0.000175727
-1.01642e-18
-0.000100242
3.66665e-05
-0.0170748
0.000100242
-9.91859e-19
9.03953e-20
-1.5695e-05
-0.000175727
-0.0154291
1.5695e-05
8.77561e-19
-0.163815
9.42899e-05
0.000175727
0.163815
-2.58175e-18
1.90852e-05
0.0154291
-9.42899e-05
-1.90852e-05
2.0324e-19
1.65508e-18
-6.71797e-21
2.86707e-19
-2.09486e-19
-6.7107e-21
-4.33681e-18
8.877e-19
-4.46796e-20
2.84589e-19
8.877e-19
-4.51028e-17
2.02786e-19
-2.10333e-19
-4.29855e-20
2.02556e-19
1.50729e-18
1.5314e-18
-0.0329374
0.000100242
-1.30295e-05
0.0329374
-8.14318e-20
-1.90852e-05
-2.97536e-05
-0.000100242
1.90852e-05
9.41003e-20
0.183812
1.30295e-05
2.97536e-05
-0.183812
4.6794e-19
-2.1599e-18
2.79565e-06
-3.66665e-05
-0.168453
-2.79565e-06
1.79558e-19
-0.0154291
-3.28408e-05
3.66665e-05
0.0154291
3.29856e-20
1.30295e-05
0.168453
3.28408e-05
-1.30295e-05
-1.97867e-18
5.56479e-19
-1.48069e-05
0.0170748
-3.28408e-05
1.48069e-05
-3.68035e-18
9.42899e-05
-0.165883
-0.0170748
-9.42899e-05
-5.6561e-20
2.97536e-05
3.28408e-05
0.165883
-2.97536e-05
2.40206e-18
1.53152e-18
0.0329374
-0.000100242
1.30295e-05
-0.0329374
-8.14103e-20
1.90852e-05
2.97536e-05
0.000100242
-1.90852e-05
9.43417e-20
-0.183812
-1.30295e-05
-2.97536e-05
0.183812
4.68031e-19
8.67366e-19
1.03672e-18
-6.61514e-19
-1.54493e-18
1.03672e-18
5.71919e-18
1.77809e-20
-4.70961e-19
-6.61514e-19
1.77808e-20
-3.8121e-20
3.5954e-19
-1.54493e-18
-4.71066e-19
3.59629e-19
-2.60208e-17
