0.000000000000000000e+00 -9.608113823650952554e+02 -9.608113823650952554e+02
9.000000000000000222e-01 -9.601781715679163653e+02
9.020000000000000240e-01 -9.602079614779457870e+02
9.040000000000000258e-01 -9.602069820777933273e+02
9.060000000000000275e-01 -9.601873727680713273e+02
9.080000000000000293e-01 -9.601925127578221009e+02
9.100000000000000311e-01 -9.601738525817381742e+02
9.120000000000000329e-01 -9.602066961208616931e+02
9.140000000000000346e-01 -9.601925956480361037e+02
9.160000000000000364e-01 -9.602333885707861327e+02
9.180000000000000382e-01 -9.602054193461158320e+02
9.200000000000000400e-01 -9.602046707082118928e+02
9.220000000000000417e-01 -9.601865039090369010e+02
9.240000000000000435e-01 -9.602138124308291935e+02
9.260000000000000453e-01 -9.602196578346005253e+02
9.280000000000000471e-01 -9.602306638029932628e+02
9.300000000000000488e-01 -9.602102076539351856e+02
9.320000000000000506e-01 -9.601990772198676041e+02
9.340000000000000524e-01 -9.602417057811616132e+02
9.360000000000000542e-01 -9.602379121341757582e+02
9.380000000000000560e-01 -9.602604890147460992e+02
9.400000000000000577e-01 -9.602497370627404507e+02
9.420000000000000595e-01 -9.602423644502695197e+02
9.440000000000000613e-01 -9.602476816504446333e+02
9.460000000000000631e-01 -9.602681563398488152e+02
9.480000000000000648e-01 -9.602674122581030360e+02
9.500000000000000666e-01 -9.602676405656829957e+02
9.520000000000000684e-01 -9.602574924463826846e+02
9.540000000000000702e-01 -9.602836493439123160e+02
9.560000000000000719e-01 -9.602774029985108655e+02
9.580000000000000737e-01 -9.603150734232123114e+02
9.600000000000000755e-01 -9.602970641994463676e+02
9.620000000000000773e-01 -9.603074687804045197e+02
9.640000000000000790e-01 -9.603215602131555215e+02
9.660000000000000808e-01 -9.603336734373741592e+02
9.680000000000000826e-01 -9.603675716218384650e+02
9.700000000000000844e-01 -9.603669579105340972e+02
9.720000000000000862e-01 -9.604076357008129889e+02
9.740000000000000879e-01 -9.604224034388372502e+02
9.760000000000000897e-01 -9.604042540640551806e+02
9.780000000000000915e-01 -9.604380876639288545e+02
9.800000000000000933e-01 -9.604586138799169248e+02
9.820000000000000950e-01 -9.604910538413496397e+02
9.840000000000000968e-01 -9.605211872668373871e+02
9.860000000000000986e-01 -9.605111576800550210e+02
9.880000000000001004e-01 -9.605713871490642077e+02
9.900000000000001021e-01 -9.606065671492783622e+02
9.920000000000001039e-01 -9.606402648250544871e+02
9.940000000000001057e-01 -9.606764830593344868e+02
9.960000000000001075e-01 -9.607117113666970454e+02
9.980000000000001092e-01 -9.607577648845663134e+02
