-1.564577079726694109e+01
-1.563902647729025475e+01
-1.541498231513175332e+00
-7.445188890338970689e-01
-6.579979469576138218e-01
-6.579979469576128226e-01
-6.408476716787622207e-01
2.120832265540540940e-01
2.120832265540613382e-01
4.330152171960527929e-01
5.454413012137854233e-01
5.454413012137856454e-01
5.483817870539898776e-01
6.834070705637762533e-01
7.522959043570366378e-01
7.522959043570521809e-01
9.584508111002979502e-01
1.045053392682896654e+00
1.045053392682897098e+00
1.252634113794780069e+00
1.410521380494130783e+00
1.410521380494132559e+00
1.551309275346513639e+00
1.551309275346515415e+00
1.905208996356922979e+00
1.952207884247711522e+00
1.952207884247714409e+00
2.510731550439999182e+00
3.144354662389543087e+00
3.144354662389543087e+00
3.370001300784652987e+00
3.614052810190534260e+00
3.614052810190540033e+00
3.720104950602799221e+00
3.871653612332374816e+00
3.871653612332376149e+00
3.910851071631818332e+00
3.910851071631820997e+00
4.102709449368505901e+00
4.102709449368508565e+00
4.500056959363043063e+00
4.533996759816611544e+00
4.533996759816620425e+00
4.776237261722417138e+00
4.776237261722417138e+00
4.797445584527668672e+00
4.797445584527674889e+00
4.915955371035534149e+00
4.915955371035539478e+00
5.283536717476428279e+00
5.410387540996175915e+00
5.553374330842720141e+00
5.553374330842731688e+00
5.566921575017032886e+00
5.566921575017032886e+00
6.543432512632514353e+00
7.313797803925680796e+00
7.313797803925684349e+00
7.787903139990262069e+00
2.050352806704252373e+01
